k 2 2
1 2 1 4 1 1 5 1 4 4 3 3 2 2 -
5 2 4,5 1 4,1 1 1,4 1 1,5 3 4,4 1 1,3 2 2,1 1 1,2 1 1,5 1 1,1 1 1,- - -
2
1 6
1 2 3 4 5 7 8 9 10 11 12
1 2 6
-

k 2 3
1 1 1 1 1 1 1 1 2 2 2 1 1 1 -
2 1 1,3 1 1,1 1 1,1 1 1,2 2 1,2 1 1,1 1 1,1 1 1,2 1 1,2 1 1,1 1 1,- - -
1 życzliwek
1 2 3 6 8
1 3 4 6 8 9 11
1 2 6
-

k 3 3
1 1 1 1 1 1 1 1 1 1 1 1 1 1 -
1 1 1,2 1 1,1 1 1,1 1 1,1 1 1,1 1 1,1 1 1,1 1 1,2 1 1,2 1 1,1 1 1,- - -
1"dzieci w sieci
1 2 3 4 6 7 8
1 2 3 4 5 6 7 8 9 10 11 12
1 2 3 6 7
-

k 2 2
1 1 1 1 1 1 1 1 1 1 1 1 1 1 -
2 1 1,3 1 1,1 1 1,1 1 1,2 2 1,3 1 1,1 1 1,1 1 1,2 1 1,2 1 1,1 1 1,- - -
1 dzieci na lekcjach rozmawiały z wychowawcą na temat agresji, zachowań nieporządanych
1 2 3 4 6 7 8
1 2 3 4 5 6 7 8 9 10 11 12
2 3 4 6 7 8
-

k 2 2
1 1 1 1 1 1 2 1 1 1 1 1 1 1 -
2 1 1,3 1 1,1 1 1,2 1 1,2 1 1,2 1 1,1 1 1,1 1 1,1 1 1,2 1 1,1 1 1,- - -
2
6
1 3 4 11 12
6
-

k 3 5
1 1 1 1 1 3 3 1 3 3 3 1 1 1 -
4 1 1,4 1 1,1 1 1,3 1 1,4 3 1,4 1 1,3 1 1,1 1 1,3 1 1,4 1 1,2 1 1,- - -
2
2 3 7 8
2 3 4 5 7 8 9 11 12
2 3 7 8
uświadomienie rodziców o występującej w szkole agresji
większy nacisk na konsultacje rodziców dzieci agresywnych z psychologiem i pedagogiem szkolnym
kary za stosowanie agresji w szkole, np. obniżenie oceny z zachowania i w skrajnych przypadkach wydalenie ze szkoły, egzekwowanie należności za wyrządzone szkody

k 3 5
1 1 1 1 1 1 1 1 1 1 3 1 1 3 -
2 1 1,4 1 1,1 1 1,3 1 1,4 2 1,3 1 1,1 1 1,1 2 1,3 1 1,3 1 1,1 1 1,- - -
2
5 9 11
2 4 5 7 9 11
2 4 5
-

k 3 1
1 1 1 1 1 1 1 1 1 1 1 1 1 1 -
- - -,- - -,- - -,- - -,- - -,- - -,- - -,- - -,- - -,- - -,- - -,- - -
2
6 10
1 2 3 4 5 6 7 8 9 10 11 12
6
-

k 3 2
1 1 1 2 1 1 1 1 1 1 1 1 1 1 -
2 1 1,2 1 1,1 1 1,1 1 1,2 1 1,2 1 1,1 1 1,1 1 1,1 1 1,1 1 1,1 1 1,- - -
2
1 2 6 7
1 2 3 4 5 6 7 8 9 10 11 12
6 7
-

m 3 5
1 1 1 1 1 1 1 1 1 1 1 1 1 1 -
2 1 1,2 1 1,1 1 1,1 1 1,1 1 1,1 1 1,1 1 1,1 1 1,1 1 1,1 1 1,1 1 1,- - -
2
1 6 7
1 5 10 13
3 10 12
-

k 2 5
3 3 4 2 2 4 3 2 4 3 4 4 3 3 -
5 2 1,5 3 1,1 1 1,4 1 1,5 3 1,5 3 1,3 2 1,1 1 1,4 1 1,5 1 1,3 1 1,- - -
2
2 4 5 6
2 3 4 5 6 8 9 11 12
2 6
brak programów, akcji propagujących koleżeńskość, współpracę

k 3 3
1 1 1 1 1 1 1 1 1 1 1 1 1 1 -
3 1 1,3 - -,1 1 1,1 1 1,2 1 1,1 1 1,1 1 1,1 1 1,3 1 1,1 1 1,1 1 1,- - -
1 spotkanie z psychologiem, życzliwek
3 4 6 9 10
2 3 4 6 7 8 9 10 11
3 6 9
-

k 2 3
1 1 1 1 1 2 2 1 1 1 2 1 1 1 -
2 1 1,2 1 1,1 1 1,1 1 1,1 1 1,1 1 1,2 1 1,1 1 1,2 1 1,2 1 1,1 1 1,- - -
2
2 6
1 2 3 4 5 6 7 8 9 10 11 12
2 6
-

k 2 3
1 1 1 1 1 1 1 1 1 1 2 1 1 2 -
2 1 1,3 1 1,1 1 1,1 1 1,2 1 1,1 1 1,1 1 1,1 1 1,1 1 1,2 1 1,1 1 1,- - -
1 rozmowy na lekcjach wychowawczych
3 6
3 4 6 8 10 11
3 6
-

k 3 3
1 1 1 2 1 1 1 1 1 2 2 1 1 1 -
3 1 1,3 1 1,1 1 1,1 1 1,4 1 1,1 1 1,2 1 1,1 1 1,4 1 1,4 1 1,1 1 1,- - -
2
1 2 3 4 5 10 11
1 2 3 4 56 7 8 9 10 11 12
1 3 4 8 9 10 11
konsultacje psychologiczno - pedagogiczne
warsztaty, na których dzieci mogłyby nawet wcielać się w rolę osób pokrzywdzonych tak, aby poczuć skalę upokorzenia i krzywdy, którą wyrządzają innym dzieciom

m 2 3
1 2 1 3 1 4 3 1 5 4 5 3 3 3 -
3 1 1,5 1 1,2 1 1,5 3 1,5 4 1,5 3 1,3 1 1,3 1 1,2 1 1,5 1 1,1 1 1,- - -
2
6
3 4 7 8 9 10
6
-

k 2 3
1 1 1 1 1 1 1 1 2 1 1 1 1 1 -
4 1 1,4 1 1,1 1 1,1 1 1,4 1 1,4 1 1,2 1 1,1 1 1,3 1 1,4 1 1,1 1 1,- - -
2
-
1 3 4 6 7 8 9 10 11 12
-
-

k 2 4
1 1 1 1 1 4 4 1 4 4 4 1 1 1 -
4 1 1,5 3 3,3 1 1,5 3 3,5 4 4,5 1 1,4 3 1,4 2 2,4 1 1,5 1 1,1 1 1,- - -
2
1 2 6
1 2 3 4 5 7 8 9 10 11 12
6
-

k 2 3
1 1 1 1 1 3 3 1 2 3 1 2 3 2 -
2 1 1,3 1 1,1 1 1,2 1 1,3 1 1,3 1 1,1 1 1,1 1 1,3 1 1,3 1 1,1 1 1,- - -
1 cyberprzemoc w internecie
2 4 8
8 11 12
2 4 8
-

m 2 3
1 2 1 - 1 1 1 1 2 3 1 1 2 2 -
5 1 1,5 1 1,3 1 1,1 1 1,4 1 1,5 1 1,5 1 1,1 1 1,4 1 1,5 1 1,2 1 1,- - -
1 rozmowy wychowawcy i nauczycieli z uczniami, zapraszanie osób z zewnątrz jak policja itp.
1 2 3 4 5 6 8 9 10
1 2 3 4 5 7 8 9 10 11 12
1 2 3 5 6 8 9 10 11
-

k 3 3
1 1 1 1 1 1 1 1 1 1 1 1 1 1 -
2 - -,2 - -,1 - -,1 - -,2 - -,2 - -,1 - -,1 - -,1 - -,2 - -,1 - -,- - -
2
2 6
8 9 11 12
-
-

k 2 3
1 1 1 2 1 2 2 1 1 1 2 1 2 2 -
2 2 2,2 1 2,1 1 1,1 1 1,2 2 1,2 1 1,1 1 1,1 1 1,2 1 1,4 1 1,1 1 1,- - -
2
1 3 9 10
4 6 7 8 9 10 11 12
1
-

k 2 3
1 1 1 1 1 1 1 1 1 1 1 1 1 1 -
1 - -,1 1 1,1 1 1,1 1 1,3 1 1,3 - -,1 1 1,1 1 1,3 - -,1 1 1,1 1 1,- - -
2
4 6 8
1 2 3 4 5 6 89 10 11 12
-
-

k 2 3
1 1 1 1 1 2 1 1 2 1 1 1 1 1 -
4 1 1,4 2 1,4 1 1,4 2 1,4 4 1,3 3 1,2 2 1,1 1 1,5 1 1,4 1 1,1 1 1,2 4 1 krzyczenie
2
6 8
4 7 8 11 12
6 8
-

k 3 2
1 1 1 1 1 1 1 1 1 1 1 1 1 1 -
3 1 1,3 1 1,1 1 1,1 1 1,3 1 1,3 1 1,3 1 1,1 1 1,2 1 1,4 1 1,1 1 1,- - -
2
1 2 3 4 6 7 10
1 2 4 7 8 9 10 11 12
1 2 3 4 5 6 7 8 9 10 11 12
-

k 3 1
1 3 1 1 1 1 1 2 2 1 1 2 1 1 -
3 1 1,3 1 1,1 1 1,1 1 1,1 1 1,3 1 1,1 1 1,1 1 1,2 1 1,3 1 1,2 1 1,- - -
1 rozmowy z psychologiem i pedagogiem
2 3 4 6 7 8 10
1 2 3 4 5 6 7 8 9 10 11 12
2 3 6 7 9
-

k 2 1
1 1 1 1 1 1 1 1 1 2 3 1 1 1 -
2 1 1,3 1 1,1 1 1,2 1 1,2 1 1,1 1 1,1 1 1,1 1 1,2 1 1,1 1 1,1 1 1,- - -
2
-
-
2 6
-

k 2 1
1 2 1 2 2 2 1 1 2 1 2 1 1 1 -
2 1 -,2 1 1,1 1 1,1 1 1,2 1 1,2 1 1,2 1 1,1 1 1,2 1 1,2 1 1,1 1 1,- - -
2
-
-
3 6
-

k 2 1
1 2 1 1 1 1 1 1 1 1 2 1 2 2 -
3 1 1,2 1 1,1 1 1,1 1 1,2 1 2,2 1 1,2 1 1,1 1 1,1 1 1,2 1 1,1 1 1,- - -
2
2 3 4 6 7
2 4 5 7 8 9 11 12
7 11
-

k 3 3
1 1 1 1 1 2 1 1 2 1 1 1 2 2 -
4 1 1,4 1 1,1 1 1,1 1 1,1 1 1,2 1 1,1 1 1,1 1 1,2 1 1,1 1 1,1 1 1,- - -
2
6
-
6
-

k 3 3
1 1 1 1 1 1 1 1 1 1 1 1 1 1 -
1 1 1,1 1 1,1 1 1,1 1 1,1 1 1,1 1 1,1 1 1,1 1 1,1 1 1,1 1 1,1 1 1,- - -
2
-
2 12
-
-

k 2 3
1 1 1 1 1 1 1 1 1 1 1 1 1 1 -
3 1 1,3 1 1,1 1 1,1 1 1,1 1 1,1 1 1,1 1 1,1 1 1,1 1 1,1 1 1,1 1 1,- - -
2 6 7
2 4 7 8 11 12
2 6 7
-

k 3 3
1 1 1 1 1 1 1 1 1 1 1 1 1 1 -
1 1 1,2 - -,1 1 1,1 1 1,2 2 1,2 1 1,1 1 1,1 1 1,2 1 1,2 1 1,1 1 1,- - -
2
1 2 3 4 5 6
1 2 3 4 5 6 8 9 10 11 12
-
-
k 2 1
1 2 1 1 1 2 1 1 1 1 1 1 1 1 -
2 1 1,2 1 1,1 1 1,1 1 1,1 1 1,1 1 1,1 1 1,1 1 1,1 1 1,1 1 1,1 1 1,- - -
2
2 6 10
2 4 7 8 10
2 6 10
-

k 2 2
1 2 1 1 1 4 2 1 2 2 2 1 1 1 -
2 1 -,2 2 2,1 1 1,2 1 1,3 1 1,3 1 1,3 1 1,1 1 1,1 1 1,2 1 1,1 1 1,- - -
1 cyberprzemoc
3 6 7 8 10 12
1 2 4 7 8 9 10 11 12
3 4 6
-

k 2 1
1 2 1 1 1 1 1 1 1 1 1 1 1 1 -
1 1 1,1 1 1,1 1 1,1 1 1,1 1 1,1 1 1,1 1 1,1 1 1,2 1 1,1 1 1,1 1 1,- - -
2
2 6
2 4 8
2 6
-

m 2 1
1 1 1 1 1 1 1 1 1 1 1 1 1 1 -
1 1 1,1 1 1,1 1 1,1 1 1,1 1 1,1 1 1,1 1 1,1 1 1,1 1 1,1 1 1,1 1 1,- - -
2
1 3 6 7 9 10
1 3 6 7 9 10
3 6 7 9
wprowadzenie kart dostępu dla dzieci (wejście, wyjście z obiektu)
monitorowanie wejścia (jeśli nie ma)

k 3 2
1 3 1 1 2 1 2 1 3 1 1 1 2 2 -
3 2 1,3 3 1,2 1 1,3 1 1,3 1 1,2 1 1,1 1 1,1 1 1,1 1 1,3 1 1,2 1 1,- - -
2
2 3 6 7
1 2 3 4 7 9 11 12
-
należy zacząć od nauczycieli - zły przykład idzie z góry
starsze dziecko zetknęło się z agresją słowną oraz z nieradzeniem sobie z emocjami

k 2 1
1 1 1 2 1 1 1 1 2 3 3 3 1 1 -
2 1 1,2 1 1,1 1 1,3 1 1,3 1 1,4 1 1,1 1 1,1 1 1,1 1 1,3 1 1,1 1 1,- - -
2
2 3 6 8
3 6 7 8 9 10 11 12
3 6 10
-

m 3 1
1 1 1 1 1 1 1 1 1 1 1 1 1 1 -
2 1 1,2 1 1,1 1 1,1 1 1,2 1 1,1 1 1,1 1 1,1 1 1,2 1 1,2 1 1,1 1 1,- - -
2
1 2 6 7
1 3 4 7 8 9 10 11 12
6
sporty różne

m 2 1
1 3 1 1 1 1 1 1 2 2 2 2 1 1 -
2 1 1,2 1 1,1 1 1,2 1 1,2 1 1,2 1 1,1 1 1,1 1 1,2 3 1,2 1 1,1 1 1,- - -
2
2 6 7 10
2 3 4 5 6 7 8 10 11 12
2 6 7
w związku z coraz większym udziałem Ukraińców w naszym społeczeństwie potrzeba jest większej integracji i asymilacji tej mniejszości narodowej

k 3 1
1 1 1 1 2 3 1 1 1 1 1 1 1 1 -
3 - -,3 - -,1 - -,2 - -,2 - -,2 - -,1 - -,1 - -,1 - -,2 - -,1 - -,- - -
2
3 6 8 9
-
-
-

k 3 1
1 2 1 1 1 1 1 1 1 1 1 1 1 1 -
2 1 1,2 1 1,1 1 1,1 1 1,1 1 1,1 1 1,1 1 1,1 1 1,2 1 1,2 1 1,1 1 1,- - -
2
2 3 5 6 7 10
2 7 8
2 3 5 6 10 12
-

k 2 2
1 1 1 1 1 1 1 1 1 1 1 1 1 1 -
2 1 1,3 1 1,1 1 1,1 1 1,3 1 1,3 1 1,1 1 1,1 1 1,2 1 1,1 1 1,1 1 1,- - -
2
1 3 6
1 2 3 4 6 7 8 9 10
1 2 3 4 6
-

k 2 2
1 1 1 2 1 2 1 1 1 1 1 1 1 1 -
2 1 1,2 1 1,1 1 1,1 1 1,1 1 1,2 1 1,1 1 1,1 1 1,1 1 1,1 1 1,1 1 1,- - -
2
2 6 10
2 3 4 5 7 8 9 10 11 12
7
-

m 2 2
1 1 1 1 1 1 1 1 1 1 1 1 1 1 -
1 1 1,1 1 1,1 1 1,1 1 1,1 1 1,2 1 1,1 1 1,1 1 1,1 1 1,1 1 1,1 1 1,- - -
2
2 6
2 8
-
-

m 3 2
1 2 1 1 1 2 4 1 4 2 1 1 2 2 -
3 1 1,3 2 -,2 1 1,1 1 1,3 3 1,2 1 1,2 1 1,1 1 1,2 1 1,3 1 1,1 1 1,- - -
2
2 3 5 6
3 4 8 9 11 12
2 3 5 6
-

m 2 2
1 1 1 1 1 1 1 1 1 1 1 1 1 1 -
2 1 1,2 1 1,1 1 1,1 1 1,2 1 1,2 1 1,1 1 1,1 1 1,2 1 1,2 1 1,1 1 1,- - -
2
3
3 4 8 11
-
-

k 2 1
1 1 1 1 1 1 1 1 1 1 1 1 1 1 -
1 1 1,1 1 1,1 1 1,1 1 1,1 1 1,1 1 1,1 1 1,1 1 1,1 1 1,1 1 1,1 1 1,- - -
2
1 2 3 6 7 10
4 8 11 12
2 3 6 10
-

k 3 1
1 2 1 1 1 3 1 1 1 1 2 1 1 1 -
2 1 1,2 2 1,1 1 1,2 1 1,1 1 1,2 1 1,1 1 1,1 1 1,1 1 1,2 1 1,1 1 1,- - -
2
1 6 8
4 8 9 10 11 12
1 3 6
-

k 2 2
2 3 3 2 1 3 2 2 2 2 2 2 2 2 -
2 1 1,2 1 1,1 1 1,1 1 1,3 2 1,2 1 1,2 1 1,2 1 1,2 1 1,3 1 1,1 1 1,- - -
2
2 3 5 6
2 3 4
3
-

m 2 2
1 2 2 1 1 1 1 1 1 1 1 1 1 2 -
2 1 1,2 1 1,1 1 1,1 1 1,2 1 1,1 1 1,1 1 1,1 1 1,1 1 1,1 1 1,1 1 1,- - -
2
-
2 8 10 11 12
-
-

k 2 2
1 - 1 1 1 1 1 1 1 1 1 1 1 - -
1 1 1,2 1 1,1 1 1,1 1 1,2 1 1,2 1 1,1 1 1,1 1 1,2 1 1,3 1 1,1 1 1,- - -
2
2 8
2 4 7 10 11
-
-

k 2 3
1 1 1 1 1 1 1 1 1 1 1 1 1 1 -
3 1 1,3 1 1,1 1 1,1 1 1,1 1 1,2 1 1,1 1 1,1 1 1,1 1 1,2 1 1,1 1 1,- - -
2
2 6 8
2 4 8 10
2 6 8
-

k 2 3
1 1 2 1 3 3 5 1 4 3 4 1 1 1 -
5 2 4,5 3 3,1 1 1,5 1 1,5 3 3,5 1 1,4 2 1,1 1 1,4 1 1,5 1 3,1 1 5,- - -
1 spotkania z rodzicami, zeszyt do korespondencji, pomoc psych. / ped., szkolenia dla rodziców
1 2 3 4 6 9 10 12
1 2 3 4 5 6 7 9 10 11 12
1 3 6 9 10
-

k 2 2
1 1 2 1 1 1 1 1 1 1 1 1 1 1 -
2 1 1,2 2 1,2 1 1,1 1 1,2 2 1,- - 1,1 1 1,1 1 1,3 1 1,1 1 1,1 1 1,- - -
2
1 3 6
1 3 4 5 6 7 9 10 12
1 2 3 4 5 6 7
-

m
2 3
1 3 1 1 1 1 1 1 1 1 1 1 2 1 -
2 1 1,2 1 1,2 1 1,2 1 1,1 2 1,1 1 1,1 1 1,1 1 1,1 1 1,1 1 1,1 1 1,- - -
2
1 3 6
5 7 9 11
1 2 3
-

m 3 2
3 3 1 1 1 1 1 3 3 1 1 1 1 1 -
3 - -,3 - -,1 - -,3 - -,4 - -,5 - -,1 - -,1 - -,2 - -,3 - -,1 - -,- - -
2
12 5 6
2 3 5 6 11 12
2 3 6
należy zwrócić na to szczególną uwagę

m 2 2
1 1 1 1 1 1 1 1 1 1 1 1 1 1 -
2 1 1,2 1 1,1 1 1,1 1 1,2 1 1,1 1 1,1 1 1,1 1 1,1 1 1,2 1 1,1 1 1,- - -
1 pogadanki
3
-
3
filmy mówiące o dyskryminacji oraz kształtowanie patriotyzmu za pomocą dobrych przykładów

k 2 2 *
2 1 3 3 3 4 2 1 1 2 3 3 3 3 -
3 2 2,2 1 1,1 1 1,2 2 2,3 3 3,3 3 3,2 2 2,1 1 1,2 2 2,4 4 4,1 1 1,- - -
2
1 6 10
1 3 5
6
-

k 3 2
1 1 1 1 1 1 1 1 1 1 1 1 3 3 -
4 3 1,4 1 1,1 1 1,2 1 1,5 1 1,5 1 1,1 1 1,1 1 1,2 1 1,5 1 1,1 1 1,- - -
1 życzliwek
2 3 6 10
1 2 3 4 5 7 8 9 10 11 12
3 6
-

k 2 2
1 1 1 1 1 1 1 1 1 1 1 1 1 1 -
5 4 1,5 1 1,1 1 1,5 1 1,5 4 1,5 1 1,1 1 1,1 1 1,5 1 1,5 1 1,1 1 1,- - -
1 dzień sportu, zbiórki, życzliwek owoce w szkole
2 3 6 9 10
2 3 4 5 8 9
2 3 6 7 9
-

k 2 2
3 3 3 1 2 4 3 3 4 2 2 3 3 2 -
1 1 1,3 1 1,1 1 1,3 1 1,5 3 1,3 1 1,1 1 1,1 1 1,1 1 1,5 1 1,1 1 1,- - -
1 życzliwek
2 3 6 9
1 2 3 4 5 7 9 10
3 6 9
-

k 3 3
1 1 1 2 1 1 1 1 1 - 1 1 1 1 -
3 1 1,2 1 1,1 1 1,1 1 1,3 1 1,2 1 1,1 1 1,1 1 1,2 2 1,2 1 1,1 1 1,- - -
2
1 2 6 10
1 2 3 4 7 9 10 11 12
1 2 3 6 10
-

m 3 3
1 1 1 1 1 1 1 1 1 1 1 1 1 1 -
2 1 1,2 1 1,1 1 1,1 1 1,3 1 1,2 1 1,1 1 1,1 1 1,2 1 1,3 1 1,1 1 1,- - -
2
1 2 3 6 7 8
1 2 3 4 5 6 7 8 9 10 11 12
1 2 3 6 7 8
-

m 3 3
1 1 1 1 - 2 1 1 3 1 3 1 1 1 -
5 1 2,5 1 1,1 1 1,4 1 1,4 1 1,4 1 1,5 1 1,4 1 1,3 1 1,5 1 1,1 1 1,- - -
2
1 2 3 6 7 8 9 10
4 7 8 9 10 11 12
1 2 3 4 6 10
-

k 3 3
1 1 1 1 1 1 1 1 1 2 3 1 1 1 -
3 1 1,2 1 1,1 1 1,1 1 1,2 1 1,1 1 1,1 1 1,1 1 1,2 1 1,2 1 1,1 1 1,- - -
2
1 2 3 6 7 8 10 11
1 2 3 4 5 6 7 8 10 11 12
1 2 3 4 6 8 11
-

m 2 1
1 1 1 1 1 1 1 1 1 1 1 1 1 1 -
3 1 1,3 1 1,1 1 1,2 1 1,2 2 1,1 1 1,1 1 1,1 1 1,1 1 1,1 1 1,1 1 1,- - -
2
-
-
-
-

k 2 3
1 1 1 1 1 2 1 1 1 1 1 1 1 1 -
5 1 1,3 - -,1 1 1,1 1 1,2 - -,2 - -,2 - -,1 1 1,2 1 1,3 1 1,1 1 1,- - -
1 zajęcia były prowadzone na lekcji wychowawczej
1 2 3 4 5 6 10
3 4 7 8 9 11 12
1 3 4 6  9 10
-

k 2 3
1 1 1 1 1 2 2 1 2 1 2 1 2 2 -
5 1 1,5 1 1,1 1 1,2 1 1,3 1 1,3 1 1,3 1 1,3 1 1,3 1 1,4 1 1,1 1 1,5 1 1 dezorganizacja lekcji
2
3 4
2 3 4 7 8 12
3 4
-

k 2 3
1 2 1 2 1 2 1 3 3 3 3 2 1 1 -
3 1 1,4 1 1,1 1 1,2 1 1,3 2 1,4 2 1,2 2 1,1 1 1,2 1 1,3 2 1,1 1 1,- - -
2
1 6 10
1 2 3 4 6 7 8 9 10 11 12
1 6
dzieci w naszej klasie czują się zagrożone i obawiają się zachowań opresyjnych ze strony ucznia uczęszczającego do klasy

m 3 3
1 2 2 1 1 3 1 1 2 1 1 3 2 2 -
3 2 2,3 2 1,1 1 1,3 2 1,4 2 2,4 2 2,3 1 1,2 1 1,3 1 1,4 2 1,1 1 1,- - -
1 o zagrożeniach narkotyków, dyskryminacja
1 8 10
1 11
1 2 5 7 11
-

k 2 3
2 4 3 4 3 3 4 2 4 4 3 2 2 2 -
5 1 1,5 1 1,3 1 1,2 1 1,3 1 1,4 1 1,4 1 1,1 1 1,3 1 1,4 1 1,2 1 1,- - -
2
1 6 10
1 3 5 8 9 10 11
1 6
szkoła nie radzi sobie z agresywnym zachowaniem i usunięciem takich osób z listy szkoły, brak jakiejkolwiek ewaluacji w tym zakresie
w klasie występowały incydenty związane z agresywnym zachowaniem ucznia
dzieci czują się zagrożone i niebezpiecznie w szkole podczas lekcji

k 3 3
2 3 3 2 3 2 5 1 3 3 3 1 2 1 -
5 1 1,5 1 1,1 1 1,5 5 1,5 3 1,5 1 1,5 1 1,1 1 1,5 1 1,5 1 1,1 1 1,- - -
2
3 6 8 11 12
4 7 8 9 10
3 6 8
-

k 2 3
1 1 3 2 2 1 1 1 4 3 4 4 3 3 -
4 1 1,4 1 1,1 1 1,3 1 1,4 1 1,4 1 1,3 1 1,1 1 1,2 1 1,3 1 1,1 1 1,- - -
2
1 8 10 12
3 6 11 12
-
zagrożenie mojego dziecka
poczucie bezkarności za dokuczanie innym
przeszkadzanie na lekcjach

k 2 3
1 1 1 1 1 2 2 1 1 1 1 1 1 1 -
3 1 1,4 1 1,1 1 1,2 1 1,3 3 1,4 1 1,2 1 1,1 1 1,2 1 1,3 1 1,1 1 1,4 3 1 krzyki na dzieci
1 spotkania z panią psycholog
1 2 6 7 10 12
2 4 6 7 9 10 11 12
1 2 6 7 12
większa czujność nauczycieli dyżurujących
mniejsze skupianie uwagi na dzieciach biegających, skaczących i grających małą piłeczką, a większe na cichej agresji
piętnowanie systematyczne zachowań niewłaściwych, nawet jeśli dane dziecko kilka razy pod rząd będzie musiało ponieść karę
słuchanie dzieci, które zgłaszają problem na przerwie!!!

k 3 3
1 3 2 1 1 1 1 1 3 3 1 2 2 2 -
4 3 1,4 3 1,1 1 1,2 2 1,4 2 1,4 1 1,3 3 1,1 1 1,2 1 1,3 1 1,3 1 1,- - -
2
-
-
-
-

k 3 3
1 1 1 1 1 2 1 1 2 1 1 1 1 1 -
2 1 1,3 1 1,1 1 1,1 1 1,3 4 1,1 2 1,1 3 1,1 1 1,1 1 1,1 1 1,1 1 1,- - -
1 przeciwdziałanie przemocy - sieciaki
1 2 3 6 7
1 2 3 4 5 6 7 8 9 10 11 12
1 2 3 6 7 10
proszę o szczególną uwagę zwróconą na kwestie używania internetu, szczególnie kanał youtube - stosowność oglądanych kanałów do wieku

k 3 3
1 3 2 1 1 1 3 1 1 3 3 1 1 1 -
3 3 1,4 3 1,2 2 1,1 1 1,2 2 1,2 1 1,1 1 1,1 1 1,3 1 1,3 1 1,1 1 1,- - -
1 zajęcia dla klas
3 6 10
4 7 10 11
10
-

k 2 3 *
1 1 1 1 1 1 1 1 1 1 1 1 1 1 -
2 2 2,3 3 3,1 1 1,2 2 2,3 3 3,3 3 3,3 3 3,2 2 2,3 3 3,3 3 3,1 1 1,- - -
1 program realizowany w klasach 4
3 4 6 9
4 6 11 12
2 3 6
-

k 2 3
1 1 1 1 1 1 1 1 3 3 3 2 2 2 -
3 1 1,5 1 3,2 1 1,4 1 1,5 2 1,5 1 1,2 1 1,2 1 1,4 1 1,5 1 1,1 1 1,- - -
2
1 2 3 6 7 10
4 9 10 12
1 2 3 6 8
-

k 2 3
1 1 2 2 1 2 1 1 2 1 1 1 1 1 -
4 1 1,4 2 1,1 1 1,3 1 1,4 2 1,4 1 1,3 2 1,1 1 1,4 1 1,4 1 1,2 1 1,- - -
2
1 2 3 4 6 7 8 9 10 11
1 2 3 4 5 6 7 8 9 10 11 12
1 2 3 4 6 9 10
-

k 3 3
1 1 1 1 1 1 1 1 1 1 1 1 1 1 -
2 1 1,2 1 1,1 1 1,2 2 1,1 2 1,1 2 1,1 2 1,1 1 1,1 1 1,2 1 1,1 1 1,- - -
2
1 2 3 6 8 10 11
7 9 10
1 2 3 6 8 10 11
-

k 3 3
2 1 1 1 2 4 3 2 4 2 2 1 3 3 -
2 - -,2 - -,1 - -,1 - -,5 - -,4 - -,1 - -,1 - -,2 - -,5 - -,2 - -,- - -
2
3 6 11 12
4 9 11 12
6 11 12
-

k 2 3
1 2 2 1 1 2 2 1 2 2 1 1 1 2 -
3 1 1,3 1 1,1 1 1,5 2 1,5 4 1,5 1 1,1 1 1,1 1 1,1 1 1,1 1 1,1 1 1,- - -
2
-
-
-
-

m 2 3
1 1 1 1 1 1 1 1 1 1 1 1 1 1 -
1 1 1,1 1 1,1 1 1,1 1 1,1 1 1,1 1 1,1 1 1,1 1 1,1 1 1,1 1 1,1 1 1,- - -
2
2 3 6 8 10 12
1 2 3 6 7 12
1 2 3 6
-

m 3 3
1 1 1 2 2 2 1 1 1 1 1 1 2 2 -
1 1 1,2 1 1,1 1 1,1 1 1,1 1 1,2 1 1,1 1 1,1 1 1,2 1 1,2 1 1,1 1 1,- - -
2
3 6 10
1 3 10
2 3 6 7 10
-

k 2 3
1 2 1 2 1 2 2 1 2 1 2 1 2 2 -
3 1 1,3 2 1,1 1 1,3 1 1,4 3 1,4 2 1,3 1 1,1 1 1,3 1 1,3 1 1,1 1 1,- - -
2
1 2 6 8 10
1 2 3 4 5 7 8 9 10 11 12
1 3 6 8
uważne dyżurowanie nauczycieli
często zdarza się, że w czasie przerwy nie ma nauczyciela lub jest zajęty swoimi sprawami
sprawdzanie co się dzieje w toaletach bo często są sytuacje, że dzieci się skarżą, że są zamykane przez innych uczniów, podglądane lub inne niemiłe sytuacje

m 3 3
1 1 1 2 2 1 1 1 2 2 2 2 1 1 -
2 2 1,2 2 1,1 1 1,3 2 1,3 3 1,3 2 1,1 1 1,1 1 1,1 1 1,2 1 1,1 1 1,- - -
1 przemoc i agresja w internecie, zajęcia klasy z psychologiem
1 2 3 4 6 7 10
1 2 4 5 6 8 9 10 12
1 2 3 4 6 7 10
-

k 3 3
1 2 1 1 1 1 1 1 1 1 1 1 1 1 -
3 2 1,3 2 1,1 1 1,1 1 1,1 3 1,1 1 1,1 1 1,1 1 1,1 1 1,1 1 1,1 1 1,- - -
2
6
2 3 4 7
6
-

k 3 3
1 1 3 1 1 3 1 1 3 3 3 3 1 1 -
4 1 1,4 1 1,1 1 1,- - -,3 1 1,3 1 1,3 1 1,3 1 1,3 1 1,4 1 1,1 1 1,- - -
2
6
1 2 3 4 7 8 9 10 11 12
6
-

k 3 3
1 1 1 1 1 1 1 1 2 - 2 1 1 1 -
2 1 1,2 1 1,1 1 1,1 1 1,2 1 1,2 1 1,1 1 1,1 1 1,1 1 1,2 1 1,1 1 1,- - -
2
6
1 2 3 4 5 6 7 8 9 10 11 12
-
-

m 3 3
1 3 1 1 1 2 1 1 1 1 2 1 1 1 -
2 1 1,2 1 1,1 1 1,1 1 1,3 2 1,1 1 1,1 1 1,1 1 1,1 1 1,2 1 1,1 1 1,- - -
2
1 6 10
1 6 8 12
6
-

m 3 3
1 1 1 1 1 1 2 2 2 - 1 1 2 3 -
3 1 1,3 1 1,2 1 1,3 1 1,3 1 1,4 1 1,2 1 1,2 1 1,1 1 1,4 1 1,2 1 1,- - -
2
1 2 3 4 10
1 2 3 10
1 2 3 11
-
m 2 2
1 1 1 1 1 1 1 1 1 2 2 1 1 1 -
3 1 1,2 1 1,1 1 1,1 1 1,1 1 1,1 1 1,1 1 1,1 1 1,1 1 1,1 1 1,1 1 1,- - -
2
2 6 7 8 10
2 4 7 8 10 11 12
-
-

m 2 3
1 1 1 1 1 1 1 1 1 1 1 1 1 1 -
3 1 1,3 1 1,1 1 1,1 1 1,2 1 1,2 1 1,1 1 1,1 1 1,2 1 1,3 1 1,1 1 1,- - -
2
3 6 7
2
2 3 6
-

k 3 2
1 1 1 1 1 1 1 1 1 2 1 1 2 2 -
2 1 1,2 1 1,1 1 1,2 1 1,3 1 1,3 1 1,3 1 1,1 1 1,1 1 1,3 1 1,1 1 1,- - -
2
1 3 6 8
1 2 3 6 7 8 9 11 12
-
-

k 2 2
1 - - 3 2 2 2 3 2 5 3 1 1 1 -
4 1 1,4 1 1,1 1 1,3 1 1,5 1 1,5 1 1,1 1 1,1 1 1,2 1 1,3 1 1,1 1 1,- - -
2
2 6 10
1 2 4 6 7 8 9 11 12
6
-

k 2 2
1 - - 3 2 2 2 3 2 5 3 1 1 1 -
4 1 1,4 1 1,1 1 1,3 1 1,5 1 1,5 1 1,1 1 1,1 1 1,2 1 1,3 1 1,1 1 1,- - -
2
2 6 10
1 2 4 6 7 8 9 11 12
6
-

k 2 2
1 1 1 1 1 1 1 1 1 1 1 1 1 1 -
2 1 1,2 1 1,1 1 1,1 1 1,2 1 1,2 1 1,1 1 1,1 1 1,2 1 1,2 1 1,1 1 1,- - -
2
1 2 3 6
1 2 3 4 7 8 10 12
1 3 6
-

k 2 2
1 1 1 2 1 5 4 1 2 3 5 5 3 1 -
4 1 1,5 2 4,1 1 1,- - -,5 3 2,5 1 1,2 1 1,3 1 1,4 1 1,5 1 1,1 1 1,- - -
2
4 6 10
2 3 4 7 11 12
34 6
-

k 2 2
1 1 1 1 1 1 1 1 1 1 1 1 1 1 -
2 1 1,2 1 1,1 1 1,1 1 1,1 1 1,1 1 1,1 1 1,1 1 1,1 1 1,1 1 1,1 1 1,- - -
1 spotkanie z panią psycholog
2 3 6 10
2 7 8 11 12
6 10
-

k 3 2
1 1 1 1 1 1 1 1 1 1 1 1 1 1 -
1 1 1,2 1 1,1 1 1,1 1 1,2 2 1,2 1 1,1 1 1,1 1 1,3 1 1,3 1 1,1 1 1,- - -
2
1 2 3 6 10
1 2 3 4 5 6 7 8 9 10 11 12
1 2 3 6 10
-

k 2 3
1 1 1 1 1 1 1 1 1 3 3 1 1 1 -
3 - -,1 - -,1 - -,3 - -,3 - -,1 - -,1 - -,1 - -,1 - -,1 - -,1 - -,- - -
1 o agresji wśród dzieci, zagrożenia typu internet
1 2 3 4 6 7 8 9 10
2 4 6 7 8 10 11 12
1 2 3 4 6 7 9 10
-

k 2 2
1 3 1 1 1 1 1 1 1 1 1 1 1 1 -
2 1 1,3 1 1,1 1 1,1 1 1,1 1 1,1 1 1,1 1 1,1 1 1,1 1 1,1 1 1,1 1 1,- - -
2
6 7 8
4 6 7 8
6
-

m 2 2
1 1 1 1 1 1 1 1 1 1 1 1 1 1 -
2 1 1,2 1 1,1 1 1 ,1 1 1,2 1 1,1 1 1,1 1 1,1 1 1,1 1 1,1 1 1,1 1 1,- - -
1 praca z pedagogiem i wychowawcą klasy
2 3 4 6 7 8 9 10 11
2 3 4 5 6 7 8 9 10 11 12
3 4 6 10
brak uwag - uważam, że szkoła traktuje przedmiotowe zagadnienia bardzo poważnie, cieszy mnie to

m 3 2
1 1 1 1 1 2 1 1 2 1 1 1 1 1 -
3 1 1,3 1 1,1 1 1,2 1 1,3 1 1,2 1 1,1 1 1,1 1 1,3 1 1,3 1 1,1 1 1,- - -
1 bezpieczeństwo w internecie, życzliwek
1 2 3 4 6 7 10
2 4 6 9 12
1 2 3 4 6 7 9
-

k 2 2
1 1 1 1 1 1 1 1 1 1 1 1 1 1 -
3 2 2,3 1 1,2 1 1,2 1 2,3 2 1,4 2 1,2 1 1,2 1 1,3 2 1,4 1 1,1 1 1,- - -
2
2 6 7 12
1 2 3 4 5 6 7 8 9 10 11 12
2 4 6 7 8 9 10
-

k 2 3
1 1 1 1 1 1 1 1 1 1 1 1 1 1 -
1 1 1,1 1 3,1 1 1,1 1 1,1 1 3,1 1 1,1 1 1,1 1 1,1 1 1,1 1 1,- - -,- - -
2
-
2 3 7 11 12
12
-

k 3 2
1 1 1 2 1 2 3 1 3 3 3 2 1 2 -
3 1 1,4 1 1,1 1 1,2 1 1,3 3 1,4 1 1,2 2 1,1 1 1,2 1 1,2 1 1,1 1 1,- - -
2
4 6 8
1 2 4 5 7 8 9 11 12
6 8
-

m 3 3
1 1 1 1 1 2 1 1 1 1 1 1 1 1 -
2 1 1,2 1 1,1 1 1,2 1 1,2 1 1,2 1 1,1 1 1,1 1 1,2 1 1,3 1 1,1 1 1,- - -
1 bezpieczny internet, życzliwek
1 2 3 4 6 7 9 10
2 4 6 7 9
1 2 3 4 6 7 9
-

m 2 3
1 2 3 1 3 3 1 1 3 1 1 2 1 1 -
5 4 1,5 1 1,1 1 1,1 4 1,4 4 4,1 1 1,1 1 1,1 1 1,1 1 1,1 1 1,1 1 1,- - -
2
1 2 3 6 7 8 10
1 2 3 4 5 6 7 9 11 12
1 2 3 6 7 10
-

k 2 3
1 3 1 1 1 1 1 1 3 1 1 1 1 1 -
4 3 2,4 3 2,2 1 1,5 5 1,2 4 1,3 1 1,3 1 1,1 1 1,1 1 1,3 1 1,1 1 1,- - -
2
3
2 4 7 8 9 11 12
3
-

k 2 3
1 3 2 1 3 3 1 1 3 1 1 1 2 2 -
3 1 1,3 3 1,1 1 1,3 3 1,3 3 1,3 3 1,1 1 1,1 1 1,3 1 1,3 1 1,1 1 1,- - -
2
1 2 3 6 7
1 2 3 4 5 8
1 2 3 6
-

m 4 3
1 1 1 1 1 2 1 1 1 1 1 1 1 1 -
2 1 1,2 1 1,1 1 1,1 1 1,1 1 1,1 1 1,1 1 1,1 1 1,1 1 1,1 1 1,1 1 1,- - -
2
-
1 2 5 6 10
-
-

k 3 3
1 1 1 1 1 1 1 1 5 1 1 1 1 1 -
5 1 1,5 - -,1 1 1,5 - -,5 - -,5 - -,- - -,1 1 1,1 1 1,1 1 1,1 1 1,- - -
2
2 3 6 7 8 9
1 2 3 4 8 10 11 12
2 3 6 7 8 9
-

k 2 3
1 1 1 1 1 1 1 1 1 1 1 1 1 1 -
2 1 1,3 1 1,1 1 1,1 1 1,3 2 2,3 1 1,1 1 1,1 1 1,1 1 1,3 1 1,1 1 1,- - -
2
1 2 6
1 2 3 6 7 11 12
1 3 6
-

k 2 3
1 1 1 3 2 2 1 1 2 1 2 2 2 1 -
3 1 1,3 1 1,1 1 1,2 1 1,3 1 1,3 1 1,2 1 1,1 1 1,2 1 1,2 1 1,2 1 1,- - -
1 życzliwek
1 3 6
1 2 7 9 11 12
1 3 6
mało widoczne były efekty pracy z dzieckiem bardziej agresywnym w klasie

m 3 3
1 1 1 1 1 1 1 1 1 1 1 1 1 1 -
2 1 1,2 1 1,1 1 1,1 1 1,2 1 1,2 1 1,1 1 1,1 1 1,1 1 1,2 1 1,1 1 1,- - -
2
1 2 3 6 11
2 4 9
1 2 3 6
-

k 3 1
1 1 1 1 1 2 2 1 2 1 1 1 2 1 -
2 1 1,3 1 1,1 1 1,2 1 1,2 2 -,2 1 1,1 1 1,1 1 1,1 1 1,3 1 1,2 1 1,- - -
2
1 3 6 7 10
1 2 3 4 5 7 8 9 11 12
1 3 6 10
dobrą formą przeciwdziałania agresji jest umożliwienie dzieciom podczas przew ruchowego odpoczynku, dostęp do piłek, skakanek, boiska, etc. Chodzi o zdrowy wypoczynek i wyrzut energii

m 2 3
1 1 1 1 1 1 2 1 2 1 1 1 1 2 -
3 1 1,2 1 1,1 1 1,2 - -,3 1 1,2 1 1,1 1 1,1 1 1,1 1 1,3 1 1,1 1 1,- - -
2
1 2 10
2 4 7 8 9 11
2 4 10
-

m 2 3
1 1 1 1 1 1 1 1 1 1 1 1 1 1 -
1 1 1,1 1 1,1 1 1,1 1 1,1 1 1,1 1 1,1 1 1,1 1 1,1 1 1,1 1 1,1 1 1,- - -
2
-
2 7
-
-

k 3 3
1 1 1 1 1 1 1 1 2 2 1 1 1 1 -
3 1 1,3 1 1,1 1 1,2 1 1,3 3 1,3 1 1,2 1 1,- - -,2 1 1,3 1 1,1 1 1,- - -
1 wybór życzliwka, spotkanie z policjantem na temat zachowania wobec zaczepek osób obcych
1 2 3 4 6 7 8 10
1 2 3 4 7 8 9 10 11 12
1 2 3 6 8
-

m 3 3
1 3 1 1 1 2 2 1 3 3 3 3 2 2 -
3 1 1,3 1 1,1 1 1,2 1 1,2 1 1,3 1 1,2 1 1,1 1 1,1 1 1,2 1 1,1 1 1,- - -
2
3 6 10
1 2 3 4 6 8 10
2 4 6 7 10
-

k 2 3
1 2 1 1 1 2 - 1 - 2 3 1 - 1 -
3 1 1,3 1 1,1 1 1,1 1 1,2 1 2,3 1 1,1 1 1,1 1 1,1 1 1,2 1 1,1 1 1,- - -
2
1 2 3 4 6
4 9
1 2 3
-

k 2 3
1 2 1 1 1 1 1 1 1 1 1 1 1 1 -
2 1 1,2 1 1,1 1 1,1 1 1,1 1 1,2 1 1,1 1 1,1 1 1,2 1 1,2 1 1,1 1 1,- - -
2
1 2 3 6
1 2 3 6 7 8 10 11 12
1 2 3 6
-

k 2 3
1 2 1 1 1 1 1 1 2 1 1 1 1 1 -
3 1 1,3 1 1,1 1 1,3 1 1,3 1 1,3 1 1,1 1 1,1 1 1,3 1 1,3 1 1,1 1 1,- - -
1 życzliwek, piknik rodzinny, wycieczki rekreacyjne
1 2 3 6 7 8
1 2 3 4 5 6 7 8 9 11 12
1 3 6 7
-

k 3 3
1 1 1 1 1 1 1 1 1 1 1 1 1 1 -
3 - -,3 - -,- - -,- - -,3 - -,3 - -,1 - -,1 - -,1 - -,4 - -,1 - -,- - -
2
1 3 4 8 9
1 2 4 7
1 3 4 9
-

k 3 2
1 1 1 1 1 1 1 1 1 - 2 1 1 1 -
3 1 1,3 1 1,1 1 1,3 1 1,2 1 1,2 1 1,1 1 1,1 1 1,1 1 1,3 1 1,1 1 1,- - -
2
1 2 3 6 7
1 2 3 4 5 6 7 8 9 10 11 12
1 2 3 6 7
-

k 2 2
1 2 1 1 1 2 1 1 2 1 1 1 1 1 -
1 1 1,2 1 1,1 1 1,2 1 1,1 1 1,2 1 1,1 1 1,1 1 1,2 1 1,2 1 1,1 1 1,- - -
2
1 2 3 4 5 6 7 8 9
1 2 3 4 5 6 7 8 9 10 11 12
1 2 3 4 5 6 7 8
-

k 2 2
1 2 1 - - - - - 3 - 3 - 3 3 -
3 1 1,4 1 1,1 1 1,2 1 1,4 1 1,3 1 1,3 1 1,1 1 1,4 1 1,3 1 1,1 1 1,- - -
2
1 2 3 6 7 10 11
1 2 3 4 5 6 7 8 9 10 11 12
1 2 3 6 7
-

k 2 2
1 2 1 1 1 2 1 1 1 1 1 1 1 1 -
5 1 1,5 1 1,3 1 1,5 1 1,5 1 1,5 1 1,1 1 1,1 1 1,3 1 1,5 1 1,1 1 1,- - -
2
1 2 6 10
3 4 5 7 9 10 11
1 2 6
większy nadzór nauczycieli "dyżurujących" na przerwach w toaletach, korytarzach szkolnych

k 2 2
1 1 1 1 1 2 1 1 2 1 1 1 1 1 -
2 1 1,2 1 1,1 1 1,1 1 1,2 1 1,2 1 1,1 1 1,1 1 1,2 1 1,2 1 1,1 1 1,- - -
2
1 2 6
1 2 3 4 8
1 2 6
-

k 3 2
3 1 1 1 1 1 1 1 1 3 1 1 1 1 -
4 1 1,4 1 1,1 1 1,4 1 1,3 1 1,4 1 1,1 1 1,1 1 1,3 1 1,4 1 1,1 1 1,- - -
1 spotkania z psychologiem/pedagogiem szkolnym (klasowe i indywidualne), warsztaty klasowe
1 2 3 4 7 10
1 2 3 4 7 8 9 10 11 12
1 2 3 4 5 6 7 10
-

k 2 2
1 1 1 1 1 1 1 1 1 1 1 1 1 1 -
1 - -,3 - -,1 - -,1 - -,2 - -,2 - -,1 - -,1 - -,1 - -,1 - -,1 - -,- - -
2
10
3 10
-
-

k 2 2
1 3 1 1 1 2 1 1 2 1 1 2 1 1 -
2 1 1,2 1 1,1 1 1,1 1 1,3 1 1,1 1 1,1 1 1,1 1 1,1 1 1,2 1 1,1 1 1,- - -
2
8
2 4 6 7 8 9 10 11 12
-
proponuję spotkania policjantami
profilaktyka postępowania (telefon/sms) do pedagoga

k 2 1
1 1 1 2 1 1 1 1 1 2 2 2 1 1 -
3 1 1,3 1 1,1 1 1,1 1 1,3 1 1,3 1 1,1 1 1,1 1 1,4 1 1,4 1 1,1 1 1,- - -
2
1 2 3 6
2 3 4 5 6 7 8 9 11 12
2 3 4 6
-

k 2 2
1 2 2 1 4 3 1 1 1 2 2 2 2 1 -
3 1 1,3 4 2,1 1 1,4 2 1,4 4 2,3 2 2,2 2 2,1 1 1,1 1 1,3 1 1,1 1 1,- - -
2
12
3 4 5 6 7 8 11 12
-
życzliwek to ranking popularności, a nie życzliwości

k 3 1
1 1 1 1 1 2 3 1 1 2 2 1 2 2 -
4 - -,4 - -,- - -,4 - -,3 - -,3 - -,1 - -,2 - -,- - -,3 - -,1 - -,- - -
2
1 2 3 4 6
1 2 3 4 5 6 7 8 9 11 12
1 2 3 4 5 6 7
reagować natychmiast w przypadku przemocy!

k 2 3
1 1 2 3 3 3 3 1 4 3 3 3 4 4 -
2 1 1,4 1 1,1 1 1,2 1 1,3 3 3,4 1 1,3 2 2,2 2 2,2 1 1,4 1 1,1 1 1,- - -
2
3 4 6 8 10
2 3 4 5 6 7 10 11 12
3 4 5 6 8
-

k 2 3
1 1 1 1 1 3 2 1 3 1 1 1 2 1 -
3 1 2,4 1 1,1 1 1,2 1 1,3 2 1,3 1 1,2 1 1,1 1 1,3 1 1,3 1 1,1 1 1,- - -
1 spotkanie z panią psycholog
1 2 3 4 6 7 10
1 2 3 4 5 6 7 8 9 10 11 12
1 2 3 4 6 7 10
-

k 3 3
1 1 1 1 1 1 1 1 1 1 1 1 1 1 -
2 2 -,2 2 1,1 1 1,1 1 1,1 1 1,1 1 1,1 1 1,1 1 1,1 1 1,1 1 1,1 1 1,- - -
2
6 7 10
3 4 6 8 12
6 8
-

m 3 3
1 2 1 1 1 1 1 1 1 1 1 1 1 1 -
1 1 1,1 1 1,1 1 1,1 1 1,1 1 1,1 1 1,1 1 1,1 1 1,1 1 1,1 1 1,1 1 1,- - -
2
10
2 7 11 12
-
-

m 2 3
1 1 1 1 1 1 1 1 2 3 2 1 1 1 -
2 1 1,3 1 1,1 1 1,1 1 1,4 1 1,3 1 1,1 1 1,1 1 1,2 1 1,4 1 1,1 1 1,- - -
2
2 3 6
2 3 7 8
3 6
-

k 2 1
1 1 1 3 3 2 2 1 2 1 1 1 2 2 -
2 1 -,4 1 1,1 1 1,1 1 1,3 1 1,2 1 1,1 1 1,1 1 1,4 2 1,3 1 1,1 1 1,- - -
1 spotkanie z p. policjantem
2 4 6 8
1 2 3 4 5 7 8 10 11 12
-
-

k 2 2
1 1 1 1 1 1 1 1 1 2 1 1 1 1 -
2 1 1,1 1 1,1 1 1,1 1 1,1 1 1,1 1 1,1 1 1,1 1 1,2 1 1,1 1 1,1 1 1,- - -
2
1 6 8
1 3 4 6 7 8 9 11 12
1 6 8
-

k 2 1
1 1 1 2 1 2 1 1 1 1 2 2 2 1 -
2 1 1,2 1 1,2 1 1,1 1 1,2 1 1,2 1 1,1 1 1,1 1 1,2 1 1,2 1 1,1 1 1,- - -
1 życzliwek
1 3 6
1 3 11 12
1 3 6
-

k 2 1
1 2 1 2 1 2 1 1 1 1 1 1 1 1 -
2 1 1,3 1 1,1 1 1,1 1 1,2 1 1,2 1 1,1 1 1,1 1 1,1 1 1,2 1 1,1 1 1,- - -
2
1 2 3 4 5 6 9
1 2 3 4 5 7 8 9 10 11 12
1 2 3 5 6 7
-

k 2 1
1 1 1 1 1 1 1 1 1 1 1 1 2 1 -
1 1 1,1 1 1,1 1 1,1 1 1,1 1 1,1 1 1,1 1 1,1 1 1,1 1 1,1 1 1,1 1 1,- - -
2
6 8
1 4 10 11
6 8
-

k 3 1
1 1 1 1 1 1 1 1 1 1 1 1 1 1 -
1 1 1,1 1 1,1 1 1,1 1 1,1 1 1,1 1 1,1 1 1,1 1 1,1 1 1,1 1 1,1 1 1,- - -
2
-
3 4 8 11 12
6
-

k 2 1
1 2 1 1 1 1 1 1 1 1 1 1 1 1 -
3 1 1,3 1 1,1 1 1,2 1 1,2 2 1,1 1 1,1 1 1,1 1 1,1 1 1,2 1 1,1 1 1,- - -
1 szkoła w mieście
2 3 4 5 6 8 9 11
2 3 4 5 6 7 8 11 12
4 5 6 11
-

k 2 1
1 2 1 1 1 1 1 1 1 1 1 1 1 1 -
3 1 1,3 1 1,1 1 1,3 1 1,2 2 1,2 1 1,1 2 1,1 1 1,2 1 1,2 1 1,1 1 1,- - -
2
3 6 7
2 3 4 6 7 8 9 11 12
2 6 7
-

k 2 1
2 1 1 3 3 3 1 1 1 3 4 1 1 1 -
3 1 1,3 1 1,1 1 1,3 1 1,2 1 1,2 1 1,1 1 1,1 1 1,2 1 1,3 1 1,1 1 1,- - -
1 bezpieczeństwo w internecie
1 2 3 6 7
1 3 4 7 8 9 11 12
1 2 3 6 7
organizowanie zajęć, warsztatów z psychologiem, pedagogiem, np. policja i instytucjami zajmującymi się profilaktyką uzależnień

k 2 3
1 1 1 1 1 1 1 1 1 1 1 1 2 2 -
1 1 1,2 1 1,1 1 1,2 1 1,2 1 1,3 1 1,1 1 1,1 1 1,1 1 1,2 1 1,1 1 1,- - -
2
2 6
3 4 8 9 12
-
-

k 2 3
3 3 3 3 3 3 3 3 3 3 3 3 3 3 -
4 3 3,2 3 3,4 1 1,3 3 1,4 4 4,3 2 1,2 3 3,1 1 1,1 1 1,3 1 1,1 1 1,- - -
2
3 4 6 9 10 11 12
3 4 5 7 9 11 12
-
-

m 3 3
1 1 1 1 1 1 1 1 1 1 1 1 1 1 -
3 1 1,3 1 1,1 1 1,3 1 1,3 1 1,3 1 1,2 1 1,1 1 1,1 1 1,3 1 1,1 1 1,- - -
2
4 8
2 3 5 7 8 11 12
-
-

k 2 3
1 2 1 1 1 - 1 1 1 1 1 1 1 1 -
2 2 1,2 2 1,1 1 1,1 1 1,2 1 1,2 1 1,2 1 1,1 1 1,1 1 1,2 1 1,2 2 1,- - -
2
-
-
-
-

k 3 3
1 1 1 1 1 1 1 1 1 1 1 1 1 1 -
1 1 1,3 1 1,1 1 1,1 1 1,3 1 1,3 1 1,1 1 1,1 1 1,1 1 1,1 1 1,1 1 1,- - -
2
2 3 6 8
2 4 5 6 7 8 11 12
2 6 8
-

k 3 3
1 2 1 1 1 3 2 1 1 1 2 1 2 1 -
3 1 1,2 2 1,1 1 1,3 1 1,2 2 1,2 1 1,1 1 1,1 1 1,2 1 1,2 2 1,1 1 1,- - -
2
2 3 7 8 10
1 2 3 4 7 8 10 11
2 3 8
-

k 2 3
1 2 1 1 2 2 1 1 3 3 1 4 2 2 -
2 2 1,2 2 1,1 1 1,1 1 1,2 1 1,2 1 1,1 1 1,1 1 1,2 2 1,3 2 1,2 1 1,- - -
2
3 6 8 9
2 3 4 6 7 8 10 11 12
3 4 6 8 9
-

k 2 3
1 1 1 1 1 1 1 1 1 1 1 1 1 1 -
5 - -,5 - -,1 - -,1 - -,1 - -,4 - -,1 - -,1 - -,1 - -,5 - -,1 - -,- - -
2
3 4 6 10
3 4 5 9 11
3 4 6 7 10
-

k 2 3
1 2 1 1 1 1 1 1 2 3 3 1 1 1 -
4 1 1,4 1 1,1 1 1,4 1 1,4 2 2,4 1 2,2 1 1,1 1 1,2 1 1,4 1 1,1 1 1,- - -
2
1 2 3 4 5 6 7 8 9 10
1 2 3 4 5 8 9 11 12
1 2 3 4 5 6 8 10
-

k 3 3
1 1 1 1 1 2 2 1 1 1 2 1 1 1 -
5 2 1,5 1 1,1 1 1,4 1 1,5 2 1,5 2 1,5 1 1,1 1 1,3 1 1,5 1 1,1 1 1,- - -
21 2 3 4 5 6 7 8 9 10
1 2 3 4 5 6 7 8 9 10 11 12
1 2 3 4 5 6 7 8 10
-

k 2 3
1 1 1 2 1 1 1 1 1 2 2 2 2 2 -
3 2 2,3 2 1,1 1 1,2 2 1,2 2 2,2 2 2,2 2 2,2 1 1,2 1 1,2 1 1,1 1 1,- - -
2
6
3 4 5 6 8 9 10 11 12
6
-

k 3 5
1 1 1 1 1 1 1 1 2 1 2 2 1 1 -
1 1 1,3 1 1,1 1 1,4 1 1,4 1 1,4 1 1,1 1 1,1 1 1,2 1 1,3 1 1,1 1 1,- - -
1 dot. uzależnień, cyberprzemoc
9
3 6 7 8 9 10 12
9
-

k 2 4
1 2 1 1 1 2 1 1 1 1 1 1 1 1 -
1 1 1,3 1 1,1 1 1,1 1 1,3 1 1,2 1 1,1 1 1,1 1 1,1 1 1,1 1 1,1 1 1,- - -
2
-
1 7 9 12
-
-

k 2 5
1 1 1 1 1 1 1 1 1 1 1 1 1 1 -
1 1 1,1 1 1,1 1 1,1 1 1,1 1 1,1 1 1,1 1 1,1 1 1,1 1 1,1 1 1,1 1 1,- - -
2
-
-
-
-

k 2 4
2 1 1 1 1 1 1 1 1 1 1 1 1 1 -
2 1 1,3 1 1,1 1 1,1 1 1,2 1 1,2 1 1,1 1 1,1 1 1,1 1 1,2 1 1,1 1 1,- - -
2
5
-
-
-

k 3 4
2 1 1 1 1 3 2 1 3 3 3 1 1 3 -
2 1 1,3 1 1,1 1 1,2 1 1,4 3 1,3 2 1,2 1 1,1 1 1,2 1 1,3 2 1,1 1 1,- - -
2
5 7 9 12 13
2 3 5 7 9 11 12 13
9 12 13
-

k 2 4
1 2 1 1 1 1 1 1 2 1 1 1 1 1 -
1 1 1,2 - 1,1 1 1,2 1 1,1 1 1,2 1 1,1 1 1,1 1 1,2 1 1,2 1 1,1 1 1,- - -
2
1 2 3 4 5 6 7 8 9
1 2 3 4 5 6 7 8 9 10 11 12 13
1 2 3 4 5 12
-

m 3 4
1 1 1 1 1 1 1 1 1 1 1 1 1 1 -
1 1 1,1 1 1,1 1 1,1 1 1,1 1 1,1 1 1,1 1 1,1 1 1,1 1 1,1 1 1,1 1 1,- - -
2
16
1 7 9 10 12
1 6
-

k 3 4
1 1 1 1 1 1 1 1 2 1 1 1 2 1 -
2 1 1,2 1 1,1 1 1,1 1 1,1 1 1,2 1 1,1 1 1,1 1 1,1 1 1,2 1 1,1 1 1,- - -
2
2 5 6 7 12
2 3 5 6 7 8 9 10 11 12
2 5 6 7 11 12
-

m 3 4
1 1 1 1 1 1 1 1 1 1 1 1 1 1 -
2 1 1,3 2 2,1 1 1,1 1 1,1 1 1,1 1 1,1 1 1,1 1 1,1 1 1,1 1 1,1 1 1,- - -
2
1 5
1 11
1
-

k 3 4
1 2 1 1 1 1 1 1 1 1 1 1 1 1 -
2 1 1,2 1 1,1 1 1,2 1 1,1 1 1,2 1 1,1 1 1,1 1 1,1 1 1,2 1 1,1 1 1,- - -
2
-
3 4 8 11 12 13
-
-

m 3 5
1 1 1 1 1 1 1 1 1 3 3 1 1 1 -
2 1 1,4 2 1,1 1 1,4 1 1,4 1 1,4 1 1,1 1 1,1 1 1,1 1 1,3 1 1,1 1 1,- - -
2
5
-
-
-

m 3 4
1 1 1 1 1 1 1 1 1 1 1 1 2 2 -
1 1 1,2 1 1,1 1 1,2 1 1,1 1 1,1 1 1,1 1 1,1 1 1,1 1 1,1 1 1,1 1 1,- - -
2
-
-
-
-

k 3 4
1 1 1 1 1 1 1 1 1 3 - 1 1 1 -
1 1 1,4 - -,1 - -,2 - -,4 - -,2 - -,1 1 1,1 1 1,1 1 1,2 - -,- - -,- - -
2
-
1 3 5 7 9 11 12
-
kontrola toalet przez nauczycieli dyżurujących w czasie przerw

k 2 4
1 1 2 1 1 2 1 1 1 1 1 1 1 1 -
2 1 1,2 1 1,1 1 1,2 1 1,3 1 1,3 1 1,1 1 1,1 1 1,1 1 1,3 1 1,1 1 1,- - -
2
-
1 4 6
-
-

m 2 4
1 3 4 1 2 3 3 1 3 2 2 1 1 1 -
4 1 1,4 1 1,1 1 1,2 1 1,3 1 1,3 1 1,1 1 1,1 1 1,2 1 1,3 1 1,1 1 1,- - -
1 bezpieczeństwo w internecie
3 5 6 9
-
-
-

k 2 4
1 2 1 1 1 1 2 1 1 3 3 1 1 1 -
1 1 1,2 1 1,1 1 1,3 1 1,3 1 1,3 1 1,1 1 1,1 1 1,1 1 1,1 1 1,1 1 1,- - -
2
-
-
-
-

k 2 4
1 1 1 2 2 1 1 1 1 1 1 1 1 1 -
2 1 1,2 1 1,1 1 1,1 1 1,2 1 1,2 1 1,1 1 1,1 1 1,1 1 1,2 1 1,1 1 1,- - -
2
-
4 7 9 12
-
-

k 2 4
1 1 1 1 1 1 1 1 1 1 1 1 1 1 -
1 1 1,2 1 1,2 1 1,1 1 1,2 1 1,3 1 1,1 1 1,1 1 1,2 1 1,3 1 1,1 1 1,- - -
2
2
2 3 5 9 10
2 8
-

k 3 5
1 2 1 1 1 2 3 1 1 1 1 1 1 1 -
5 - -,5 - -,1 - -,3 - -,3 - -,5 - -,1 - -,1 - -,4 - -,5 - -,3 - -,- - -
2
7 9 11
3 4 5 8 9 10 11 12
4 9 11
-

m 3 5
1 1 1 3 2 2 3 1 3 2 2 1 2 2 -
2 1 1,4 1 1,1 1 1,3 1 1,4 2 1,3 1 1,3 1 1,2 1 1,1 1 1,4 1 1,1 1 1,- - -
2
1 5
1 2 4 6 11
1 5 11
-

k 2 5
1 1 1 1 1 1 1 1 3 3 2 3 3 2 -
2 - -,2 - -,1 - -,2 - -,2 - -,3 - -,1 - -,1 - -,1 - -,2 - -,2 - -,- - -
2
3 5
2
-
-

k 3 5
1 3 1 1 1 3 1 1 1 1 2 1 1 1 -
2 1 1,2 2 1,1 1 1,2 1 1,2 2 1,2 1 1,1 1 1,1 1 1,1 1 1,2 1 1,1 1 1,- - -
2
3 6 7 9
2 3 4 11 12
3 7 9
-

m 3 5
1 1 1 1 2 1 3 1 2 2 3 2 2 2 -
3 - -,3 - -,1 - -,2 - -,3 - -,2 - -,1 - -,1 - -,1 - -,2 - -,1 - -,- - -
2
2 5
2 3 4 7 8 9 10 11 12
2
-

k 3 5
1 1 1 1 1 2 2 1 3 1 1 1 1 1 -
3 1 1,3 1 1,1 1 1,3 1 1,3 1 1,4 1 1,3 1 1,2 1 1,3 1 1,3 1 1,2 1 1,- - -
2
3
3 4 8 9 10 11 12
3 9
-

k 3 6
1 1 1 1 2 2 1 1 2 2 2 1 1 1 -
3 - -,3 - -,1 - -,2 - -,2 - -,2 - -,1 - -,1 - -,1 - -,2 - -,1 - -,- - -
2
-
-
-
-

m 2 5
1 1 2 1 1 2 3 1 2 2 2 2 2 2 -
2 1 1,3 1 1,2 1 1,3 1 1,3 1 1,4 1 1,1 1 1,1 1 1,3 1 1,1 1 1,1 1 1,- - -
1 przemoc w internecie
3 5 9
1 2 6 8 11 12
9
-

k 2 5
1 1 1 1 1 2 1 1 1 3 1 1 2 2 -
3 1 1,5 1 1,1 1 1,5 2 1,5 1 1,5 1 1,2 1 1,1 1 1,4 1 1,5 1 1,2 1 1,- - -
2
2 3 4 9 11
2 3 5 6 9 11
2 3 4 5 9 11
-

k 2 5
- - - - - 2 2 5 3 3 3 2 1 4 3 wyzwiska na matkę
5 1 -,5 1 -,- - -,4 - -,5 3 -,5 - -,5 - -,3 2 -,5 3 -,5 - -,2 - -,- - -
2
-
2 3 4 5 6 7 8 9 10 11 12
-
nękanie przez kolegów
wyśmiewanie,
poniżanie

k 3 5
1 1 1 2 1 2 3 1 3 1 1 1 2 2 -
3 - -,2 - -,1 - -,2 - -,1 - -,2 - -,1 - -,1 - -,1 - -,2 - -,1 - -,- - -
2
1 2 3 4 6 7 11
1 2 3 4 6 7 9 10 11 12
-
w razie takich zdarzeń natychmiastowa reakcja

k 3 5
1 1 1 1 1 1 1 1 2 2 2 1 1 1 -
4 1 1,4 1 1,1 1 1,5 1 2,4 1 1,4 1 1,3 1 1,1 1 1,3 1 1,3 1 1,1 1 1,- - -
2
1 3 9 10
1 2 5 12
1 2 9
-

k 3 5
1 1 1 1 1 1 1 1 1 1 1 1 1 1 -
2 1 1,2 2 1,1 1 1,1 1 1,3 3 1,3 1 1,1 1 1,1 1 1,3 1 1,3 1 1,1 1 1,- - -
2
4 5 6 7
3 4 5 11 12
-
-

k 3 5
1 1 1 1 1 2 1 1 1 1 1 1 1 1 -
3 1 1,3 2 1,1 1 1,2 2 1,3 3 3,3 1 1,1 1 1,1 1 1,2 1 1,2 1 1,1 1 1,- - -
2
-
3 8 9
-
-

k 3 5
1 1 1 1 1 1 1 1 1 1 1 1 1 1 -
2 1 1,2 1 1,1 1 1,2 1 1,1 2 1,1 1 1,1 1 1,1 1 1,1 1 1,1 1 1,1 1 1,- - -
2
3 4 5 7 9 12
1 2 3 4 5 6 7 8 9 10 11 12
2 3 5 7 9
-

m 3 5
1 1 1 1 2 3 1 1 4 4 5 4 5 5 -
3 1 1,5 3 1,1 1 1,5 2 1,5 4 1,5 2 1,4 2 1,3 1 1,2 1 1,4 2 1,1 1 1,- - -
2
-
2 3 4 8 11
-
-

k 3 5
1 1 1 1 1 2 2 1 1 1 1 1 1 1 -
2 1 1,3 1 1,1 1 1,2 1 1,2 1 1,3 1 1,2 1 1,1 1 1,2 1 1,3 1 1,1 1 1,- - -
2
2 5 7 8 11 12
1 2 3 4 5 8 9 11 12
2
-

k 3 5
1 1 1 2 2 5 5 1 5 5 5 5 5 5 -
5 1 1,5 2 1,2 1 1,5 3 1,5 3 1,5 3 2,5 1 1,2 1 1,5 1 1,5 2 1,5 1 1,- - -
1 pogadanki, rozmowy z pedagogiem szkolnym i psychologiem
2 5 8
5 6 8 9 11 12
5 11
-

k 2 5
1 1 1 1 1 4 4 1 4 4 4 4 1 1 -
4 1 1,4 1 1,2 1 1,2 1 1,4 1 1,4 1 1,1 1 1,1 1 1,1 1 1,3 1 1,3 1 1,- - -
2
2 3
2 3 8 11
-
-

m 3 5
1 1 1 1 2 1 1 1 3 1 2 1 1 1 -
3 1 1,3 1 1,1 1 1,3 1 1,1 1 1,3 2 1,3 1 1,1 1 1,1 1 1,3 1 1,1 1 1,- - -
2
1 2 5 7 8 12
1 5 7
1 2 7
-

k 3 5
1 2 1 1 1 2 1 1 1 1 1 - 2 2 -
2 - -,2 1 1,1 1 1,- - -,2 - -,2 - -,1 1 1,1 1 1,3 - -,3 - -,3 - -,- - -
2
-
-
-
-

k 3 5
1 1 2 1 1 3 2 1 4 1 2 1 1 2 -
3 - -,5 - -,1 - -,4 - -,5 - -,5 - -,3 - -,- - -,1 - -,4 - -,1 - -,- - -
2
-
-
-
-

m 3 5
1 1 1 2 2 3 3 1 1 1 3 3 2 1 -
2 2 1,2 1 1,1 1 1,2 1 1,3 1 1,1 1 1,1 1 1,1 1 1,1 1 1,1 1 1,1 1 1,- - -
2
1 3
5 8 9 11 12
-
-

k 3 4
1 1 1 2 1 1 1 2 1 1 1 1 1 2 -
3 1 1,3 1 1,1 1 1,2 1 1,3 1 1,3 1 1,1 1 1,1 1 1,2 1 1,2 1 1,1 1 1,- - -
2
1 2
3 6 8 9 10 11 12
-
-

k 2 4
1 1 1 1 1 1 1 1 1 3 3 1 1 1 -
2 1 1,2 1 1,1 1 1,2 1 1,1 1 1,1 1 1,2 1 1,1 1 1,2 1 1,2 1 1,1 1 1,- - -
2
9 12
3 5 7 9 11 12
9 12
-

k 2 4
1 2 1 1 1 1 2 1 2 1 1 1 1 2 -
4 1 1,5 1 1,2 1 1,1 1 1,5 1 1,5 1 1,4 1 1,2 1 1,4 1 1,5 1 1,2 1 1,- - -
2
2 3 4 5 6 8
1 2 3 4 5 6 8 11 12
2 3 5 6
-

k 3 5
1 1 1 1 1 1 1 1 1 1 1 1 1 1 -
- - -,- - -,- - -,- - -,- - -,- - -,- - -,- - -,- - -,- - -,- - -,- - -
2
9
2 3 4 8 9 11 12
2 7 9
-

m 3 5
1 1 1 1 1 2 1 1 1 1 1 1 1 1 -
3 1 1,3 1 1,1 1 1,1 1 1,1 1 1,2 1 1,1 1 1,1 1 1,1 1 1,2 1 1,1 1 1,- - -
2
4 6 7
1 3 6 7
1 6 7
-

k 2 4
1 1 1 1 1 1 1 1 1 1 1 1 1 1 -
1 1 1,1 1 1,1 1 1,1 1 1,1 3 1,1 1 1,1 1 1,1 1 1,2 1 1,2 1 1,1 1 1,- - -
2
-
-
-
-

k 2 4
1 2 1 1 1 1 1 1 1 3 3 1 1 1 -
1 1 1,2 1 1,1 1 1,1 1 1,3 2 2,1 1 1,1 1 1,1 1 1,1 1 1,3 1 2,1 1 1,3 - - zaczepki słowne, przezwiska, krytykowanie
2
3 9
2 3 8
3 9
-

m 3 4
2 3 1 1 2 2 2 1 2 2 1 1 1 1 -
3 1 1,3 2 1,1 1 1,2 1 1,2 2 1,3 2 1,2 1 1,1 1 1,1 1 1,2 1 1,1 1 1,- - -
2
5
1 2 3 4 5 8 9 11
5
-

k 2 4
1 1 1 1 1 1 1 1 1 1 1 1 1 1 -
1 1 1,2 - -,1 - -,1 1 1,2 - -,2 - -,1 1 1,1 1 1,1 1 1,2 - -,1 1 1,- - -
2
1 6 9 12
1 2 3 6 9 11 12
1
-

k 3 4
1 2 1 2 1 3 3 1 4 4 4 4 3 3 -
3 1 1,4 1 1,1 1 1,4 1 1,4 2 2,4 1 1,2 1 1,1 1 1,3 1 1,4 1 1,1 1 1,- - -
2
1 2 5
2 3 4 5 8 9
-
-

m 3 5
1 2 1 2 2 1 1 1 2 2 2 1 1 1 -
3 1 1,3 1 1,1 1 1,1 1 1,2 1 1,3 1 1,3 1 1,1 1 1,4 1 1,4 1 1,1 1 1,- - -
2
1 2 6 7
1 2 6 7 9
1 6 7 9
-

k 2 5
5 5 5 3 4 2 3 1 3 3 3 1 2 2 -
3 3 3,4 3 4,1 1 1,2 2 2,3 3 1,3 1 1,3 1 1,2 1 1,2 1 1,3 1 1,3 1 1,- - -
2
-
1 3 4 5 7 8 9 11
-
-

k 2 4
1 3 3 1 1 1 1 1 1 1 1 1 1 1 -
2 1 1,2 1 1,1 1 1,2 1 1,3 2 1,3 1 1,1 1 1,1 1 1,2 1 1,4 2 1,1 1 1,- - -
2
2 5 6 7 9 12
1 2 3 4 5 6 7 8 9 11 12
2 3 6
-

k 2 5
1 2 1 1 1 2 1 1 1 1 1 1 1 1 -
3 1 1,2 1 1,1 1 1,1 1 1,1 1 1,1 1 1,1 1 1,1 1 1,3 1 1,1 1 1,1 1 1,- - -
2
1 5 9
1 2 3 4 7 8
1
-

k 3 4
1 2 1 1 1 1 1 1 1 1 1 2 2 2 -
1 - -,2 - -,1 - -,1 - -,2 - -,1 - -,1 - -,1 - -,1 - -,1 - -,1 - -,- - -
1 bieg po zdrowie
1 2 3
1 2 3
1 2
-

k 2 4
1 1 1 1 1 1 1 1 1 1 1 1 1 1 -
1 1 1,1 1 1,1 1 1,1 1 1,1 1 1,1 1 1,1 1 1,1 1 1,1 1 1,1 1 1,1 1 1,- - -
2
5
1 3 7 8
-
-

k 3 5
1 1 1 1 1 1 1 1 1 1 1 1 2 2 -
2 1 1,2 1 1,1 1 1,2 1 1,2 2 2,2 2 2,1 1 1,1 1 1,2 1 1,3 1 1,2 1 1,- - -
2
1 2 4 5 9 12
2 3 4 5 7 9 11 12
1 3 4 7 9
-

k 2 4
1 2 1 1 1 1 1 1 4 1 2 1 1 2 -
3 1 1,3 1 1,1 1 1,1 1 1,3 2 1,4 1 1,1 1 1,1 1 1,1 1 1,4 1 1,1 1 1,- - -
2
1 5
1 3 5 9
1 5
-

k 2 4
1 2 1 1 1 2 1 1 2 2 2 1 2 2 -
3 1 1,3 1 1,1 1 1,3 1 1,3 1 1,4 1 1,1 1 1,1 1 1,1 1 1,3 1 1,3 1 1,- - -
2
1 2 3 11
1 2 3 5 6 7 8 9 11 12
1 2
-

k 2 4
1 1 1 1 1 1 1 1 1 2 2 2 2 1 -
3 1 1,4 2 1,1 1 1,3 3 1,3 2 1,2 1 1,1 2 1,1 1 3,1 2 1,3 1 1,1 1 1,- - -
2
2 6 9 12
2 3 4 5 6 7 8 9 10 11 12
2 12
-

m 3 4
1 2 2 1 1 1 1 1 1 1 1 1 1 1 -
2 1 1,2 1 1,1 1 1,1 1 1,2 1 1,1 1 1,1 1 1,1 1 1,2 1 1,1 1 1,1 1 1,- - -
2
-
2 3 5 6 7 8 9 11 12
-
-

k 3 4
1 2 1 1 1 2 4 1 2 2 2 2 2 2 -
4 1 1,4 2 1,2 1 1,2 1 1,4 2 1,3 2 1,3 2 1,2 1 1,2 1 1,3 3 1,1 1 1,- - -
2
9 11
2 3 4 11 12
-
-

k 3 4
1 2 2 1 1 4 3 1 3 3 3 3 1 1 5 oceny
3 1 1,3 1 1,1 1 1,4 1 1,5 2 1,5 1 1,1 1 1,1 1 1,2 1 1,3 1 1,1 1 1,- - -
2
-
4 11
-
-

k 3 4
1 2 - 1 2 1 4 1 3 1 2 1 1 1 -
3 1 -,3 1 1,3 1 1,2 1 1,3 2 1,3 1 1,2 1 1,1 1 1,2 1 1,2 1 1,1 1 1,- - -
2
5 11
1 2 3 4 5 9 10 11 12 13
-
-

k 2 4
1 2 3 1 1 1 2 1 2 2 2 1 1 1 -
2 1 1,2 1 1,1 1 1,2 1 1,3 2 1,3 1 1,1 1 1,1 1 1,2 1 1,2 1 1,2 1 1,- - -
2
3 7 9
3 7 8 9 11 12
-
-

k 3 4
1 1 1 1 3 1 1 1 1 1 1 1 1 1 -
2 1 1,2 1 1,1 1 1,2 1 1,2 1 1,2 1 1,1 1 1,1 1 1,1 1 1,2 1 1,1 1 1,- - -
2
-
1 3 12
-
-

k 2 4
1 5 1 1 1 3 5 3 3 1 1 2 1 1 -
5 1 1,5 3 1,1 1 1,1 1 1,5 5 1,5 5 1,1 1 1,1 1 1,3 1 1,5 2 1,1 1 1,- - -
2
1 2 6 11
2 3 4 5 8 11 12 13
1 2 4 6 11
-

m 3 4
1 1 1 1 1 1 1 1 1 1 1 1 1 1 -
2 1 1,2 1 1,1 1 1,1 1 1,2 1 1,2 1 1,1 1 1,1 1 1,3 1 1,2 1 1,1 1 1,- - -
2
1 3 4 5 6 7
1 2 5 9 10 11 12
-
-

k 3 4
1 1 1 1 1 1 1 1 1 1 1 1 1 1 -
- - -,- - -,- - -,- - -,- - -,- - -,- - -,- - -,- - -,- - -,- - -,- - -
2
1 8 12
2 5 11
-
-

k 3 4
1 1 1 1 1 1 1 1 1 1 1 1 1 1 -
2 1 1,2 1 1,1 1 1,1 1 1,2 1 1,2 1 1,1 1 1,1 1 1,3 1 1,3 1 1,1 1 1,- - -
2
2 3 5 9 12 13
1 2 3 4 5 6 7 8 9 10 11 12 13
2 3 5 9 12 13
-

m 3 4
1 1 1 1 1 2 2 1 1 1 1 1 1 1 -
3 1 1,3 1 1,1 1 1,1 1 1,3 1 1,2 1 1,1 1 1,1 1 1,3 1 1,2 1 1,1 1 1,- - -
2
2
1 2 6 7 9 11 12 13
-
-

k 2 4
1 1 1 1 1 2 2 1 1 1 1 1 1 1 -
3 4 3,2 1 1,1 1 1,1 1 1,4 3 1,4 1 1,3 1 1,1 1 1,4 1 1,4 1 1,1 1 1,- - -
2
2 3 4 5 8
1 2 3 4 5 7 8 9 11 12
5
-

k 2 4
1 2 1 1 - 1 1 1 1 1 1 1 1 1 -
3 1 1,3 1 1,2 1 1,2 1 1,2 1 1,2 1 1,3 1 1,1 1 1,2 1 1,2 1 1,1 1 1,- - -
2
2 3 7 9 11 12 13
1 2 3 4 5 7 9 10 11 12 13
7 9 12 13
-

k 2 4
1 4 4 1 5 - 5 1 1 4 1 1 1 1 -
4 1 1,4 1 1,1 1 1,2 1 1,5 1 1,5 1 1,1 1 1,1 1 1,1 1 1,5 1 1,1 1 1,- - -
2
1 2 4 5 12
2 3 4 5 6 7 8 9 10 11 12 13
5
-

k 3 4
1 2 1 2 2 2 2 1 1 1 2 1 1 1 -
2 1 1,2 1 1,1 1 1,2 1 1,2 2 1,2 1 1,1 1 1,1 1 1,1 1 1,1 1 1,1 1 1,- - -
2
-
1 2 3 6 7 9
-
-

m 3 4
1 4 2 1 1 1 2 1 3 1 2 2 2 2 -
4 1 1,5 1 1,2 1 1,3 1 1,5 3 1,4 1 1,4 1 1,2 1 1,4 1 1,4 1 1,1 1 1,- - -
2
2 5
3 4 6 7 8 9 10 11 12 13
-
-

m 4 4
2 3 1 1 1 2 1 1 2 2 2 1 1 1 -
3 1 1,3 3 1,1 1 1,2 1 1,3 2 1,3 3 1,1 1 1,1 1 1,1 1 1,2 1 1,1 1 1,- - -
2
9 11 12
-
-
-

k 2 4
1 2 1 1 1 1 1 1 2 1 1 1 1 1 -
2 1 1,1 1 1,1 1 1,2 1 1,1 3 1,1 2 1,1 1 1,1 1 1,1 1 1,2 1 1,1 1 1,- - -
2
-
3 5 9 11
-
-

k 3 4
1 3 1 1 1 1 1 1 1 1 1 1 1 1 -
2 1 1,3 1 1,1 1 1,1 1 1,3 3 1,3 2 1,1 1 1,1 1 1,1 1 1,3 1 1,1 1 1,- - -
2
12 13
12
2 9 12 13
-

k 3 4
1 2 1 2 2 2 2 1 2 3 3 3 2 2 -
4 3 3,5 3 2,2 1 1,3 2 2,5 5 2,5 3 1,3 3 3,1 1 1,3 3 2,4 1 1,1 1 1,- - -
2
2 4 5 7 9 11
2 3 4 5 6 7 8 9 10 11 12
2 5
-

k 3 4
2 2 1 1 1 1 2 1 2 1 2 1 3 3 -
3 2 1,3 1 1,1 1 1,3 1 1,3 2 1,3 2 1,2 1 1,1 1 1,2 1 1,3 2 1,1 1 1,- - -
1 projekty realizowane na zajęciach lekcyjnych
12
2 3 5 6 7 8 9 10 11 12
12
-

k 2 5
1 3 3 2 1 1 1 1 2 1 2 1 2 2 -
2 1 1,2 1 1,2 1 1,2 1 1,2 2 1,2 1 1,1 1 1,1 1 1,2 1 1,2 1 1,1 1 1,- - -
1 projekty na zajęciach przedmiotowych
1 2 12
2 3 7 11 12
2 12
-

k 3 5
1 2 1 1 1 2 1 1 1 1 1 1 1 1 -
2 1 1,2 1 1,1 1 1,1 1 1,2 1 1,2 1 1,2 1 1,1 1 1,2 1 1,2 1 1,1 1 1,- - -
2
2 5
2 4 8
2 4
-

m 3 5
1 1 1 1 1 1 1 1 1 1 1 1 1 1 -
1 1 1,1 1 1,1 1 1,1 1 1,1 1 1,1 1 1,1 1 1,1 1 1,1 1 1,2 1 1,1 1 1,- - -
1 przedstawienie uzależnienia nikotynowego
-
-
-
-

k 2 4
1 1 1 1 1 5 3 1 1 1 5 1 2 - -
2 1 1,5 1 1,1 1 1,1 1 1,4 1 1,4 1 1,1 1 1,4 1 1,2 1 1,3 1 1,1 1 1,- - -
2
11
3 11 12
11
-

k 2 5
1 1 1 1 1 1 1 1 1 1 1 1 1 1 -
5 1 1,5 1 1,1 1 1,1 1 1,1 1 1,5 1 1,1 1 1,1 1 1,5 1 1,5 1 1,1 1 1,- - -
1 pogadanki wychowawcze
1 2 3 4 5 9 12
2 3 4 5 9 12
1 2 3 4 5 6 8 12
-

m 4 5
1 1 1 1 1 1 1 1 1 1 1 1 1 1 -
1 1 1,1 1 1,1 1 1,1 1 1,1 2 2,1 1 1,1 1 1,1 1 1,1 1 1,1 1 1,1 1 1,- - -
2
-
3 4 7 11
-
-

k 3 5
1 1 1 2 2 3 1 1 3 1 1 1 1 2 -
3 1 1,3 1 1,1 1 1,3 2 1,3 2 1,3 1 1,1 1 1,2 1 1,4 1 1,3 1 1,1 1 1,- - -
1 program antynikotynowy
1 2 3 5 6 8 9 12
8 9 11 12
3 6 9
-

k 3 5
1 1 1 1 1 1 1 1 1 1 1 1 1 1 -
2 1 1,4 1 1,1 1 1,1 1 1,2 1 1,3 1 1,1 1 1,1 1 1,1 1 1,2 1 1,1 1 1,- - -
2
7 9
3 7 8 9
-
-

m 3 5
2 4 1 1 1 1 1 1 2 3 4 1 1 1 -
3 1 1,5 1 1,1 1 1,5 1 1,5 1 1,5 2 1,3 1 1,1 1 1,1 1 1,5 1 1,1 1 1,- - -
2
2 5 12
2 3 5 7 9 11 12
-
-

k 3 5
1 3 1 1 1 2 1 1 1 3 3 1 1 - -
3 - -,4 - -,1 - -,4 - -,4 - -,4 - -,2 - -,1 - -,1 - -,4 - -,1 - -,- - -
1 pogadanka z psychologiem
2 3 5 8 11 12
3 4 7 9 10 11 12 13
2 3 5 8 11
-

m 3 5
1 2 1 1 1 1 1 1 3 3 3 1 2 2 -
4 1 1,4 1 1,2 1 1,3 1 1,4 1 1,4 1 1,3 1 1,2 1 1,1 1 1,2 1 1,3 1 1,- - -
2
2 11
3 7 8 9 10 11 12
2 11
-

m 3 5
2 1 1 1 1 2 1 1 2 3 3 3 2 1 -
2 1 1,3 1 1,1 1 1,3 1 1,3 1 1,3 1 1,2 1 1,1 1 1,2 1 1,3 1 1,1 1 1,- - -
2
5 11 12
1 2 4 5 8 12
2
-

m 3 5
1 1 1 1 1 1 1 1 3 3 3 1 1 1 -
3 1 1,4 1 1,1 1 1,3 1 1,4 1 1,5 1 1,1 1 1,1 1 1,1 1 1,3 1 1,1 1 1,- - -
2
5
3 8 9 12
-
-

k 2 5
2 2 3 3 1 4 1 1 3 3 3 3 - 3 -
2 1 1,3 1 1,3 1 1,2 1 1,4 1 1,4 2 1,1 1 1,1 1 1,3 1 1,5 1 1,1 1 1,- - -
1 bieg po zdrowie
1 2 6 7
2 3 5 9
1 6
-

k 3 5
2 1 1 1 1 4 2 1 3 4 2 1 3 2 -
2 1 1,3 1 1,1 1 1,2 1 1,4 2 1,3 1 1,1 1 1,1 1 1,3 1 1,4 1 1,1 1 1,- - -
2
2 11 12
2 3 8 9 10 11 12 13
2 12
-

m 3 5
1 1 1 1 1 1 1 1 1 1 1 1 1 1 -
1 1 1,1 1 1,1 1 1,1 1 1,1 1 1,1 1 1,1 1 1,1 1 1,1 1 1,1 1 1,1 1 1,- - -
1 rozwiązywanie konfliktów
2 5 9 11
-
9 11
-

k 3 5
2 1 1 1 1 1 1 1 1 1 1 1 1 1 -
4 - -,4 - -,1 - -,2 - -,3 - -,2 - -,1 - -,1 - -,1 - -,1 - -,1 - -,- - -
2
2 3 5 9
8 11 12
2 3 5 9
system pociągania dzieci oraz rodziców do odpowiedzialności za zniszczenia dokonane przez dzieci w szkole - dzieci w tej szkole wydają się bezkarne

k 3 5
1 1 1 1 1 1 1 1 1 1 1 1 1 1 -
1 1 1,3 1 1,1 1 1,2 1 1,1 1 1,2 1 1,1 1 1,1 1 1,2 1 1,2 1 1,1 1 1,- - -
2
2 12
1 2 3 4 5 7 8 9 10 11 12 13
2 12
-

m 3 5
1 2 1 2 2 3 2 1 1 3 3 2 2 2 -
2 1 1,2 1 1,1 1 1,2 1 1,2 1 1,2 1 1,1 1 1,2 1 1,2 1 1,3 1 1,3 1 1,- - -
2
2 3 7
2 3 4 6 7 9 10 11 12 13
-
więcej komunikacji drogą elektroniczną o akcjach (terminy, kryteria itp)

k 3 5
1 1 1 1 1 1 1 1 2 2 2 2 3 3 -
4 2 1,5 3 2,2 1 1,4 3 1,4 3 1,5 2 1,1 2 1,1 1 1,2 1 1,4 2 1,1 1 1,- - -
2
1 2 3 7 9 11 13
2 3 4 5 7 8 9 10 12 13
1 3 8 9 12 13
wprowadzenie do szkoły dresscode - jeden strój dla wszystkich dzieci!

k 3 5
1 3 1 2 2 3 1 1 2 3 3 2 1 3 -
3 1 1,4 1 1,- - -,2 1 1,3 3 1,2 1 1,2 1 1,- 1 1,3 1 1,4 1 1,1 1 1,- - -
2
5 7
3 5 9 11 12
-
-

k 3 5
1 1 1 1 2 3 2 1 3 3 3 3 1 1 -
1 1 1,3 3 2,1 1 1,2 1 1,3 3 1,3 1 1,1 1 1,1 1 1,5 1 1,4 1 1,1 1 1,- - -
1 opowiadanie pisane przez dzieci o przemocy w internecie
6 9
1 2 3 4 5 6 7 8 9 10 11 12
6
obserwowanie dzieci
równe - sprawiedliwe traktowanie
dawanie równych szans i docenianie wysiłku - WF! - nie szykanowanie słąbszych fizycznie dzieci

k 3 5
1 1 1 2 1 2 2 1 2 1 2 2 2 2 -
3 1 1,4 2 1,1 1 1,3 1 1,3 2 1,3 1 1,2 1 1,2 1 1,3 1 1,3 1 1,2 1 1,- - -
2
2 3 4 5 8 9 11
1 2 3 4 5 6 7 8 9 10 11 12 13
-
-

k 2 5
1 - 1 1 1 1 1 1 2 1 1 1 2 2 -
4 1 1,5 1 1,1 1 1,5 1 1,5 1 1,5 1 1,1 1 1,1 1 1,2 2 1,5 1 1,2 1 1,- - -
2
1 6 9
1 3 4 5 7 8 9 11 12
6 9
-

k 3 5
1 3 3 2 - 2 2 1 3 1 3 1 2 3 -
- - -,- - -,- - -,- - -,- - -,- - -,- - -,- - -,- - -,- - -,- - -,- - -
1 rozmowy o zagrożeniach i straszenie koszmarnymi filmami i przedstawieniami
-
-
-
mam jedno zasadnicze spostrzeżenie: może szkoła przestałaby skupiać się na mitycznych zagrożeniach, przestała rozkręcać "dyskurs kryzysu i zagrożenia", a w zamian za to skupiła się na innych aspektach codzienności. może zamiast "zagrożeń" i ich cienia należy zacząć uczyć np. jak świetnie można korzystać z Internetu, w którym znaleźć można wiedzę o świecie? Może zamiast zabraniać, kontrolować, zacząć uczyć dobrych praktyk?

k 2 5
1 - 1 1 1 1 1 1 1 1 2 - - - -
1 1 1,1 1 1,1 1 1,1 1 1,2 1 1,2 1 1,1 1 1,1 1 1,1 1 1,1 1 1,1 1 1,- - -
2
-
2 3 5 7
-
-

k 3 5
1 1 1 2 1 3 2 1 2 2 1 2 1 1 -
2 1 1,3 1 1,1 1 1,2 1 1,3 1 1,2 1 1,1 1 1,1 1 1,2 1 1,3 1 1,1 1 1,- - -
2
-
3 4 5 7 9 10 11 12 13
2 3 6 7 9 12 13
-

k 2 5
1 1 1 1 1 1 1 1 1 3 3 1 1 1 -
2 1 1,2 1 1,1 1 1,1 1 1,2 2 1,2 1 1,1 1 1,1 1 1,2 1 1,1 1 1,1 1 1,- - -
2
2 5
7 10 11 12
-
-

k 2 5
1 2 1 1 1 1 1 1 1 1 1 1 1 1 -
3 1 1,3 1 1,1 1 1,3 1 1,2 2 1,2 1 1,1 2 1,1 1 1,2 1 1,2 1 1,1 1 1,- - -
2
2 5 7 12 13
3 7 10 11 12 13
2 13
-

k 2 5
1 1 1 1 1 1 1 1 1 1 1 1 1 1 -
1 1 1,3 1 1,1 1 1,2 1 1,3 2 2,2 1 1,2 1 1,1 1 1,3 1 1,3 1 1,2 1 1,- - -
2
5 9
7 8 9 10
5 11
rozmowy w domu - o zachowaniach zastępujących przemoc i agresję. Przyczyny i skutki zachowań agresywnych.

k 2 5
1 1 1 1 1 1 1 1 3 3 1 3 3 3 -
4 1 1,4 2 2,1 1 1,2 1 1,4 2 2,4 2 2,3 1 1,3 1 1,2 2 2,4 1 1,1 1 1,- - -
2
-
3 8 9 11
-
konsultacje z psychologiem i pedagogiem

k 3 4
1 3 3 1 1 1 1 4 2 3 2 2 2 2 -
2 1 1,3 3 1,1 1 1,2 2 1,3 3 1,3 2 1,1 1 1,1 1 1,1 1 1,3 2 1,1 1 1,- - -
2
1 5
1 2 7 11
-
szkolenie dla grona pedagogicznegow celu przekazania metod i umiejętności nawiązywania relacji z dziećmi i umiejętności rozwiązywania konfliktów szkolnych

k 3 4
1 3 1 1 1 1 2 1 1 1 2 3 3 3 -
3 1 1,4 1 1,1 1 1,3 1 1,4 2 2,3 1 1,1 1 1,1 1 1,2 1 1,3 2 1,1 1 1,- - -
2
1 2 3 7 8 9 12
1 2 3 5 9 10 11
2 12
-

k 3 4
1 1 1 1 1 1 1 1 1 1 1 3 2 1 -
1 1 1,3 3 1,1 1 1,1 1 1,3 3 1,2 2 1,1 1 1,1 1 1,1 1 1,1 1 1,1 1 1,- - -
2
2
3 7 8 11 12 13
2
-

k 3 5
2 1 1 1 1 1 1 1 1 1 1 1 1 1 -
1 1 1,1 1 1,1 1 1,1 1 1,1 1 1,1 1 1,1 1 1,1 1 1,2 1 1,2 1 1,2 1 1,- - -
2
2 5
5 11 12
-
-

k 3 5
2 1 1 1 3 4 3 1 3 3 2 2 3 2 -
4 1 1,3 2 1,1 1 1,2 1 1,4 4 2,3 1 1,3 2 1,2 1 1,3 1 1,4 1 1,1 1 1,- - -
2
-
2 3 4 5 7 11 12
-
-

k 3 5
3 1 1 1 1 1 1 1 - 2 2 1 1 1 -
4 1 1,3 1 1,1 1 1,2 1 1,2 2 2,3 1 1,2 1 1,2 1 1,3 1 1,4 1 1,1 1 1,- - -
1 spotkania z psycholigiem / pedagogiem (warsztaty klasowe)
2 3 4 5 11
2 3 4 5 7 8 9 11 12
2 3 8 11
-

m 4 5
1 - 1 1 1 1 2 1 2 2 1 1 1 1 -
2 1 1,2 1 1,1 1 1,1 1 1,2 1 1,2 1 1,2 1 1,2 1 1,2 1 1,2 1 1,1 1 1,- - -
2
1 2 3 5 8 9 11 13
1 2 3 4 5 6 7 8 9 10 11 12 13
2 3 13
-

k 2 5
5 - 4 2 3 3 3 2 4 3 4 2 3 4 -
4 1 1,5 2 2,3 1 1,4 1 1,4 2 2,4 2 1,3 1 1,3 1 1,4 1 1,4 2 2,4 1 1,- - -
2
2 5 9 11
4 5 8 12
2 5 8 9 11 12
-

m 3 5
1 2 1 1 2 3 1 1 3 2 2 1 1 1 -
3 1 1,4 1 1,1 1 1,2 1 1,4 1 1,3 1 1,2 1 1,1 1 1,4 1 1,3 1 1,4 1 1,- - -
2
-
7 9
9
-

k 2 4
1 3 2 1 1 2 2 1 3 1 3 1 1 1 -
3 1 1,3 1 1,1 1 1,2 1 1,3 3 1,3 2 1,2 2 1,2 1 1,3 1 1,3 2 1,1 1 1,- - -
2
1 2 5 11
1 3 5 9 10 11 12
1 2 5
-

k 2 5
2 2 1 1 1 4 1 1 1 3 3 2 2 2 -
4 1 1,4 1 1,1 1 1,4 1 1,5 1 1,5 1 1,3 1 1,1 1 1,5 1 1,5 1 1,3 1 1,- - -
2
2 5 8 9
3 4 7 8 9 12
5 11
-

k 3 4
1 3 3 1 1 1 1 1 2 1 1 1 1 1 -
2 1 1,3 1 1,1 1 1,2 1 1,2 2 2,3 2 1,3 1 1,1 1 1,3 1 1,3 1 1,1 1 1,- - -
2
8
1 3 7 8 9 12
-
-

k 3 5
1 1 1 1 1 1 1 1 1 1 1 1 1 1 -
2 2 1,4 2 1,1 1 1,1 1 1,2 4 1,3 - -,2 2 -,1 1 1,1 1 1,2 2 1,1 1 1,- - -
2
5 7 12
2 4 5
12
-

m 3 5
1 2 2 1 1 2 2 1 1 1 2 1 2 1 -
3 1 1,3 1 1,1 1 1,2 1 1,2 1 1,2 1 1,1 1 1,1 1 1,2 1 1,2 1 1,2 1 1,- - -
2
3 4 5 8 9
3 4 5 6 7 9 11
2 3 4 5 8 9 11
kształcenie rodziców

k 3 5
1 1 1 1 1 1 1 1 1 2 2 1 1 1 -
1 1 1,2 1 1,1 1 1,1 1 1,2 1 1,1 1 1,1 1 1,1 1 1,2 1 1,2 1 1,2 1 1,- - -
2
3 4 5 6 8 11
2 4 5 8 11
-
-

k 3 5
3 3 2 2 2 3 3 2 5 5 5 4 3 5 -
2 1 1,4 1 1,2 1 1,3 1 1,5 5 5,5 5 5,2 2 1,1 1 1,3 3 3,5 2 1,1 1 1,- - -
2
2 3 4 5 6 9 11
3 4 6 9 11 12 13
2 3 4 6 9 11
-

k 3 5
2 - 2 1 1 4 4 - 3 4 3 1 2 2 -
4 1 1,4 2 1,1 1 1,3 1 1,5 2 2,4 2 1,3 1 1,1 1 1,4 1 1,5 1 1,3 1 1,- - -
2
1 2 3 5 8 10 11
3 4 9
2
-

k 3 5
1 1 1 1 1 1 1 1 1 1 1 1 1 1 -
2 1 1,2 1 1,1 1 1,1 1 1,2 1 1,2 1 1,1 1 1,1 1 1,2 1 1,2 1 1,1 1 1,- - -
2
2 3 5
1 2
2 3
-

k 3 5
1 2 1 1 1 2 1 1 2 2 1 1 1 1 -
3 1 1,3 1 1,1 1 1,2 1 1,3 1 1,3 1 1,1 1 1,1 1 1,1 1 1,2 1 1,3 1 1,- - -
1 warsztaty z psychologiem
5
2 3 9
5
-

k 2 5
1 1 1 1 1 1 1 1 1 1 1 1 1 1 -
1 1 1,1 3 2,1 1 1,2 2 1,3 3 1,3 3 1,1 1 1,1 1 1,3 1 1,3 1 1,2 1 1,- - -
2
1 2 3 5 7 10
1 2 3 4 5 6 7 8 9 10 11 12 13
2 7 9
-

k 3 3
- - - - - 2 - - 5 - 5 - - - -
2 5 -,5 - -,- - -,- - -,5 2 -,- - -,- - -,- - -,- - -,2 - -,2 - -,2 - -pytanie dlaczego dziecko nie jedzie na wycieczkę przy całej klasie
2
1 3 4 5 8
1 2 3 7 9 10 11
1 3 4 5 8
niepozostawianie dzieci w klasie bez nadzoru nauczyciela (bójka chłopców na wigilii klasowej w klasie i na korytarzu pozostała niezauważona)
